1.000000000000011297e-04 5.100000000000000366e-03 1.009999999999999960e-02 6.840606245547792980e-03
1.009999999999999960e-02 1.509999999999999884e-02 2.009999999999999981e-02 1.940290916488091738e-02
2.009999999999999981e-02 2.510000000000000078e-02 3.010000000000000175e-02 2.952395483673231347e-02
3.010000000000000869e-02 3.510000000000000620e-02 4.010000000000000370e-02 4.198453870408686700e-02
4.010000000000000370e-02 4.510000000000000120e-02 5.009999999999999870e-02 5.538602380224193211e-02
5.010000000000000564e-02 5.510000000000000314e-02 6.010000000000000064e-02 7.277998169054969435e-02
6.010000000000000758e-02 6.510000000000000508e-02 7.010000000000000953e-02 8.895331095511575803e-02
7.010000000000000953e-02 7.510000000000001397e-02 8.010000000000001841e-02 1.107211880784931407e-01
8.009999999999999065e-02 8.509999999999999509e-02 9.009999999999999953e-02 1.315227342080767525e-01
9.009999999999999953e-02 9.510000000000000397e-02 1.001000000000000084e-01 1.593683246871649695e-01
1.001000000000000084e-01 1.051000000000000129e-01 1.101000000000000173e-01 1.870613365882853596e-01
1.100999999999999895e-01 1.150999999999999940e-01 1.200999999999999984e-01 2.073542874579786532e-01
1.200999999999999845e-01 1.250999999999999890e-01 1.300999999999999934e-01 2.076085850879377248e-01
1.300999999999999934e-01 1.350999999999999979e-01 1.401000000000000023e-01 1.937747940188761508e-01
1.401000000000000023e-01 1.451000000000000068e-01 1.501000000000000112e-01 1.940799511748104722e-01
1.500999999999999834e-01 1.550999999999999879e-01 1.600999999999999923e-01 2.036161122977885873e-01
1.600999999999999923e-01 1.650999999999999968e-01 1.701000000000000012e-01 2.040738480316896808e-01
1.700999999999999734e-01 1.750999999999999779e-01 1.800999999999999823e-01 1.987844573287997629e-01
1.800999999999999823e-01 1.850999999999999868e-01 1.900999999999999912e-01 2.022937646220382135e-01
1.900999999999999912e-01 1.950999999999999956e-01 2.001000000000000001e-01 2.024972027259908935e-01
2.001000000000000001e-01 2.051000000000000045e-01 2.101000000000000090e-01 2.014800122062078702e-01
2.100999999999999812e-01 2.150999999999999857e-01 2.200999999999999901e-01 1.963940596072911160e-01
2.200999999999999901e-01 2.250999999999999945e-01 2.300999999999999990e-01 1.962160512663240763e-01
2.300999999999999712e-01 2.350999999999999757e-01 2.400999999999999801e-01 1.931644797069733965e-01
2.400999999999999801e-01 2.450999999999999845e-01 2.500999999999999890e-01 1.930373308920015907e-01
2.500999999999999890e-01 2.550999999999999934e-01 2.600999999999999979e-01 1.881802461600327325e-01
2.600999999999999979e-01 2.651000000000000023e-01 2.701000000000000068e-01 1.856626996235661020e-01
2.701000000000000068e-01 2.751000000000000112e-01 2.801000000000000156e-01 1.847726579187543572e-01
2.801000000000000156e-01 2.851000000000000201e-01 2.901000000000000245e-01 1.918929915572478162e-01
2.900999999999999690e-01 2.950999999999999734e-01 3.000999999999999779e-01 1.942325297527452699e-01
3.000999999999999779e-01 3.050999999999999823e-01 3.100999999999999868e-01 1.949445631165963588e-01
3.100999999999999868e-01 3.150999999999999912e-01 3.200999999999999956e-01 1.811870613365206828e-01
3.200999999999999956e-01 3.251000000000000001e-01 3.301000000000000045e-01 1.764825551825140726e-01
3.301000000000000045e-01 3.351000000000000090e-01 3.401000000000000134e-01 1.677347167123753313e-01
3.401000000000000134e-01 3.451000000000000179e-01 3.501000000000000223e-01 1.609449699928175437e-01
3.500999999999999668e-01 3.550999999999999712e-01 3.600999999999999757e-01 1.574102329365684450e-01
3.600999999999999757e-01 3.650999999999999801e-01 3.700999999999999845e-01 1.547146780591417137e-01
3.700999999999999845e-01 3.750999999999999890e-01 3.800999999999999934e-01 1.545366697181757287e-01
3.800999999999999934e-01 3.850999999999999979e-01 3.901000000000000023e-01 1.494761468822510264e-01
3.901000000000000023e-01 3.951000000000000068e-01 4.001000000000000112e-01 1.476452039466434885e-01
4.001000000000000112e-01 4.051000000000000156e-01 4.101000000000000201e-01 1.452039466991614514e-01
4.101000000000000201e-01 4.151000000000000245e-01 4.201000000000000290e-01 1.462719967449338521e-01
4.200999999999999734e-01 4.250999999999999779e-01 4.300999999999999823e-01 1.528328755975373598e-01
4.300999999999999823e-01 4.350999999999999868e-01 4.400999999999999912e-01 1.665140880886369912e-01
4.400999999999999912e-01 4.450999999999999956e-01 4.501000000000000001e-01 1.776014647542811520e-01
4.501000000000000001e-01 4.551000000000000045e-01 4.601000000000000090e-01 1.835520292950144072e-01
4.601000000000000090e-01 4.651000000000000134e-01 4.701000000000000179e-01 1.832214423760824829e-01
4.700999999999999623e-01 4.750999999999999668e-01 4.800999999999999712e-01 1.748550503508639886e-01
4.800999999999999712e-01 4.850999999999999757e-01 4.900999999999999801e-01 1.715746109245616935e-01
4.900999999999999801e-01 4.950999999999999845e-01 5.000999999999999890e-01 1.733801240971702962e-01
5.000999999999999890e-01 5.050999999999999934e-01 5.100999999999999979e-01 1.773980266503247527e-01
5.100999999999999979e-01 5.151000000000000023e-01 5.201000000000000068e-01 1.796104160308525099e-01
5.201000000000000068e-01 5.251000000000000112e-01 5.301000000000000156e-01 1.686756179431785907e-01
5.301000000000000156e-01 5.351000000000000201e-01 5.401000000000000245e-01 1.658783440137773790e-01
5.401000000000000245e-01 5.451000000000000290e-01 5.501000000000000334e-01 1.708371477977446706e-01
5.501000000000000334e-01 5.551000000000000378e-01 5.601000000000000423e-01 1.779066219102578283e-01
5.601000000000000423e-01 5.651000000000000467e-01 5.701000000000000512e-01 1.886379818940211728e-01
5.700999999999999401e-01 5.750999999999999446e-01 5.800999999999999490e-01 1.982504323059929574e-01
5.800999999999999490e-01 5.850999999999999535e-01 5.900999999999999579e-01 2.097955447055744327e-01
5.900999999999999579e-01 5.950999999999999623e-01 6.000999999999999668e-01 2.303427932052201366e-01
6.000999999999999668e-01 6.050999999999999712e-01 6.100999999999999757e-01 2.452446343200740952e-01
6.100999999999999757e-01 6.150999999999999801e-01 6.200999999999999845e-01 2.696572067949072338e-01
6.200999999999999845e-01 6.250999999999999890e-01 6.300999999999999934e-01 2.870765944462176922e-01
6.300999999999999934e-01 6.350999999999999979e-01 6.401000000000000023e-01 3.109805716611529491e-01
6.401000000000000023e-01 6.451000000000000068e-01 6.501000000000000112e-01 3.200589970502310533e-01
6.501000000000000112e-01 6.551000000000000156e-01 6.601000000000000201e-01 3.321889939986689133e-01
6.601000000000000201e-01 6.651000000000000245e-01 6.701000000000000290e-01 3.524310853423741619e-01
6.701000000000000290e-01 6.751000000000000334e-01 6.801000000000000378e-01 3.817007425491788508e-01
6.801000000000000378e-01 6.851000000000000423e-01 6.901000000000000467e-01 4.216509002137223683e-01
6.901000000000000467e-01 6.951000000000000512e-01 7.001000000000000556e-01 4.861153494050713397e-01
7.001000000000000556e-01 7.051000000000000600e-01 7.101000000000000645e-01 5.954887600449183527e-01
7.100999999999999535e-01 7.150999999999999579e-01 7.200999999999999623e-01 6.970043739194171639e-01
7.200999999999999623e-01 7.250999999999999668e-01 7.300999999999999712e-01 7.986979961348914525e-01
7.300999999999999712e-01 7.350999999999999757e-01 7.400999999999999801e-01 8.766656494763761520e-01
7.400999999999999801e-01 7.450999999999999845e-01 7.500999999999999890e-01 9.420964296615359501e-01
7.500999999999999890e-01 7.550999999999999934e-01 7.600999999999999979e-01 1.021488149730710004e+00
7.600999999999999979e-01 7.651000000000000023e-01 7.701000000000000068e-01 1.107491608178506004e+00
7.701000000000000068e-01 7.751000000000000112e-01 7.801000000000000156e-01 1.184187773370263042e+00
7.801000000000000156e-01 7.851000000000000201e-01 7.901000000000000245e-01 1.276446953514731586e+00
7.901000000000000245e-01 7.951000000000000290e-01 8.001000000000000334e-01 1.354796053301149383e+00
8.001000000000000334e-01 8.051000000000000378e-01 8.101000000000000423e-01 1.430042722002207389e+00
8.101000000000000423e-01 8.151000000000000467e-01 8.201000000000000512e-01 1.492625368731964830e+00
8.201000000000000512e-01 8.251000000000000556e-01 8.301000000000000600e-01 1.545163259078842000e+00
8.300999999999999490e-01 8.350999999999999535e-01 8.400999999999999579e-01 1.600803580511040325e+00
8.400999999999999579e-01 8.450999999999999623e-01 8.500999999999999668e-01 1.665446038043369326e+00
8.500999999999999668e-01 8.550999999999999712e-01 8.600999999999999757e-01 1.707201708880513813e+00
8.600999999999999757e-01 8.650999999999999801e-01 8.700999999999999845e-01 1.727469229987171229e+00
8.700999999999999845e-01 8.750999999999999890e-01 8.800999999999999934e-01 1.795188688841006464e+00
8.800999999999999934e-01 8.850999999999999979e-01 8.901000000000000023e-01 1.818456921977993579e+00
8.901000000000000023e-01 8.951000000000000068e-01 9.001000000000000112e-01 1.867663513371661699e+00
9.001000000000000112e-01 9.051000000000000156e-01 9.101000000000000201e-01 1.917861865522908715e+00
9.101000000000000201e-01 9.151000000000000245e-01 9.201000000000000290e-01 1.946368629839783537e+00
9.201000000000000290e-01 9.251000000000000334e-01 9.301000000000000378e-01 1.982656901633009561e+00
9.301000000000000378e-01 9.351000000000000423e-01 9.401000000000000467e-01 1.991201301999197204e+00
9.401000000000000467e-01 9.451000000000000512e-01 9.501000000000000556e-01 1.991684467496072752e+00
9.501000000000000556e-01 9.551000000000000600e-01 9.601000000000000645e-01 1.966025836634551327e+00
9.600999999999999535e-01 9.650999999999999579e-01 9.700999999999999623e-01 1.951581731253674068e+00
9.700999999999999623e-01 9.750999999999999668e-01 9.800999999999999712e-01 1.908961448474825406e+00
9.800999999999999712e-01 9.850999999999999757e-01 9.900999999999999801e-01 1.874860136299103530e+00
9.900999999999999801e-01 9.950999999999999845e-01 1.000099999999999989e+00 1.832519580913206880e+00
1.000099999999999989e+00 1.005099999999999882e+00 1.010099999999999776e+00 1.776828399955138416e+00
1.010100000000000220e+00 1.015100000000000113e+00 1.020100000000000007e+00 1.712643678156935412e+00
1.020100000000000007e+00 1.025099999999999900e+00 1.030099999999999794e+00 1.662191028375656243e+00
1.030100000000000238e+00 1.035100000000000131e+00 1.040100000000000025e+00 1.595565049329980889e+00
1.040100000000000025e+00 1.045099999999999918e+00 1.050099999999999811e+00 1.512613162441792003e+00
1.050100000000000255e+00 1.055100000000000149e+00 1.060100000000000042e+00 1.422184925233187736e+00
1.060100000000000042e+00 1.065099999999999936e+00 1.070099999999999829e+00 1.332697589255631865e+00
1.070100000000000273e+00 1.075100000000000167e+00 1.080100000000000060e+00 1.266478486418382676e+00
1.080100000000000060e+00 1.085099999999999953e+00 1.090099999999999847e+00 1.197360390601124980e+00
1.090100000000000291e+00 1.095100000000000184e+00 1.100100000000000078e+00 1.137549588040317028e+00
1.100100000000000078e+00 1.105099999999999971e+00 1.110099999999999865e+00 1.082290713053684295e+00
1.110100000000000309e+00 1.115100000000000202e+00 1.120100000000000096e+00 1.011214525483519866e+00
1.120100000000000096e+00 1.125099999999999989e+00 1.130099999999999882e+00 9.781049740644733870e-01
1.130100000000000326e+00 1.135100000000000220e+00 1.140100000000000113e+00 9.202522632515179879e-01
1.140100000000000113e+00 1.145100000000000007e+00 1.150099999999999900e+00 8.686044146093844232e-01
1.150100000000000122e+00 1.155100000000000016e+00 1.160099999999999909e+00 8.316803987410632537e-01
1.160100000000000131e+00 1.165100000000000025e+00 1.170099999999999918e+00 7.965364662824763187e-01
1.170099999999999918e+00 1.175099999999999811e+00 1.180099999999999705e+00 7.821432204274307853e-01
1.180100000000000149e+00 1.185100000000000042e+00 1.190099999999999936e+00 7.624605838695595050e-01
1.190099999999999936e+00 1.195099999999999829e+00 1.200099999999999723e+00 7.682839995953480994e-01
1.200100000000000167e+00 1.205100000000000060e+00 1.210099999999999953e+00 7.856525277206927171e-01
1.210099999999999953e+00 1.215099999999999847e+00 1.220099999999999740e+00 7.607822195119487985e-01
1.220100000000000184e+00 1.225100000000000078e+00 1.230099999999999971e+00 7.151612246993738209e-01
1.230099999999999971e+00 1.235099999999999865e+00 1.240099999999999758e+00 6.746261824859569600e-01
1.240100000000000202e+00 1.245100000000000096e+00 1.250099999999999989e+00 6.355406367630813680e-01
1.250099999999999989e+00 1.255099999999999882e+00 1.260099999999999776e+00 5.967093886702334871e-01
1.260100000000000220e+00 1.265100000000000113e+00 1.270100000000000007e+00 5.628115145982987011e-01
1.270100000000000007e+00 1.275099999999999900e+00 1.280099999999999794e+00 5.280235988216074317e-01
1.280100000000000238e+00 1.285100000000000131e+00 1.290100000000000025e+00 4.893703590696563688e-01
1.290100000000000025e+00 1.295099999999999918e+00 1.300099999999999811e+00 4.436730749682400998e-01
1.300100000000000255e+00 1.305100000000000149e+00 1.310100000000000042e+00 4.046892482973347138e-01
1.310100000000000042e+00 1.315099999999999936e+00 1.320099999999999829e+00 3.747838470156565904e-01
1.320100000000000273e+00 1.325100000000000167e+00 1.330100000000000060e+00 3.588648153809386177e-01
1.330100000000000060e+00 1.335099999999999953e+00 1.340099999999999847e+00 3.425643373013494419e-01
1.340100000000000291e+00 1.345100000000000184e+00 1.350100000000000078e+00 3.264418675627933641e-01
1.350100000000000078e+00 1.355099999999999971e+00 1.360099999999999865e+00 3.181009053004523746e-01
1.360100000000000309e+00 1.365100000000000202e+00 1.370100000000000096e+00 3.026396093997025805e-01
1.370100000000000096e+00 1.375099999999999989e+00 1.380099999999999882e+00 3.006306581231546482e-01
1.380100000000000326e+00 1.385100000000000220e+00 1.390100000000000113e+00 2.862119825051165911e-01
1.390100000000000113e+00 1.395100000000000007e+00 1.400099999999999900e+00 2.747685891575820105e-01
1.400100000000000122e+00 1.405100000000000016e+00 1.410099999999999909e+00 2.667073542881931436e-01
1.410100000000000131e+00 1.415100000000000025e+00 1.420099999999999918e+00 2.541959108948350643e-01
1.420099999999999918e+00 1.425099999999999811e+00 1.430099999999999705e+00 2.527464144041914329e-01
1.430100000000000149e+00 1.435100000000000042e+00 1.440099999999999936e+00 2.437442783040100203e-01
1.440099999999999936e+00 1.445099999999999829e+00 1.450099999999999723e+00 2.369545315844192035e-01
1.450100000000000167e+00 1.455100000000000060e+00 1.460099999999999953e+00 2.254094191848803608e-01
1.460099999999999953e+00 1.465099999999999847e+00 1.470099999999999740e+00 2.168904485816426364e-01
1.470100000000000184e+00 1.475100000000000078e+00 1.480099999999999971e+00 2.088292137123390069e-01
1.480099999999999971e+00 1.485099999999999865e+00 1.490099999999999758e+00 2.069474112507367902e-01
1.490100000000000202e+00 1.495100000000000096e+00 1.500099999999999989e+00 1.998779371382108649e-01
1.500099999999999989e+00 1.505099999999999882e+00 1.510099999999999776e+00 1.909266605640486392e-01
1.510100000000000220e+00 1.515100000000000113e+00 1.520100000000000007e+00 1.868578984848994762e-01
1.520100000000000007e+00 1.525099999999999900e+00 1.530099999999999794e+00 1.768385718650500871e-01
1.530100000000000238e+00 1.535100000000000131e+00 1.540100000000000025e+00 1.738632895946147228e-01
1.540100000000000025e+00 1.545099999999999918e+00 1.550099999999999811e+00 1.667175261931622965e-01
1.550100000000000255e+00 1.555100000000000149e+00 1.560100000000000042e+00 1.566473400472254973e-01
1.560100000000000042e+00 1.565099999999999936e+00 1.570099999999999829e+00 1.485606754149123021e-01
1.570100000000000273e+00 1.575100000000000167e+00 1.580100000000000060e+00 1.462719967454633452e-01
1.580100000000000060e+00 1.585099999999999953e+00 1.590099999999999847e+00 1.394822500257702491e-01
1.590100000000000291e+00 1.595100000000000184e+00 1.600100000000000078e+00 1.378801749572224622e-01
1.600100000000000078e+00 1.605099999999999971e+00 1.610099999999999865e+00 1.299715186657889321e-01
1.610100000000000309e+00 1.615100000000000202e+00 1.620100000000000096e+00 1.241735327030610431e-01
1.620100000000000096e+00 1.625099999999999989e+00 1.630099999999999882e+00 1.204353575428150497e-01
1.630100000000000326e+00 1.635100000000000220e+00 1.640100000000000113e+00 1.152731156549009484e-01
1.640100000000000113e+00 1.645100000000000007e+00 1.650099999999999900e+00 1.106703285528741199e-01
1.650100000000000344e+00 1.655100000000000238e+00 1.660100000000000131e+00 1.067541450516632240e-01
1.660100000000000131e+00 1.665100000000000025e+00 1.670099999999999918e+00 1.054317973759141824e-01
1.670099999999999918e+00 1.675099999999999811e+00 1.680099999999999705e+00 1.025836639205779527e-01
1.680100000000000149e+00 1.685100000000000042e+00 1.690099999999999936e+00 9.625165293487011886e-02
1.690099999999999936e+00 1.695099999999999829e+00 1.700099999999999723e+00 9.495473502211362882e-02
1.700100000000000167e+00 1.705100000000000060e+00 1.710099999999999953e+00 8.936018716336024958e-02
1.710099999999999953e+00 1.715099999999999847e+00 1.720099999999999740e+00 8.696978944178766768e-02
1.720100000000000184e+00 1.725100000000000078e+00 1.730099999999999971e+00 7.939172006939367032e-02
1.730099999999999971e+00 1.735099999999999865e+00 1.740099999999999758e+00 7.898484386147874847e-02
1.740100000000000202e+00 1.745100000000000096e+00 1.750099999999999989e+00 7.761163665977870163e-02
1.750099999999999989e+00 1.755099999999999882e+00 1.760099999999999776e+00 7.272912216479970882e-02
1.760100000000000220e+00 1.765100000000000113e+00 1.770100000000000007e+00 7.056759231022828593e-02
1.770100000000000007e+00 1.775099999999999900e+00 1.780099999999999794e+00 6.728715288391640126e-02
1.780100000000000238e+00 1.785100000000000131e+00 1.790100000000000025e+00 6.507476350342805693e-02
1.790100000000000025e+00 1.795099999999999918e+00 1.800099999999999811e+00 6.296409317480763934e-02
1.800100000000000255e+00 1.805100000000000149e+00 1.810100000000000042e+00 6.131115858015542819e-02
1.810100000000000042e+00 1.815099999999999936e+00 1.820099999999999829e+00 5.912419896265962843e-02
1.820100000000000273e+00 1.825100000000000167e+00 1.830100000000000060e+00 5.673380124112114425e-02
1.830100000000000060e+00 1.835099999999999953e+00 1.840099999999999847e+00 5.571661072136795123e-02
1.840100000000000291e+00 1.845100000000000184e+00 1.850100000000000078e+00 5.365679991878377630e-02
1.850100000000000078e+00 1.855099999999999971e+00 1.860099999999999865e+00 4.948631878766440728e-02
1.860100000000000309e+00 1.865100000000000202e+00 1.870100000000000096e+00 5.037636049243780084e-02
1.870100000000000096e+00 1.875099999999999989e+00 1.880099999999999882e+00 4.775709490401749274e-02
1.880100000000000326e+00 1.885100000000000220e+00 1.890100000000000113e+00 4.862170684588356523e-02
1.890100000000000113e+00 1.895100000000000007e+00 1.900099999999999900e+00 4.595158173134178403e-02
1.900100000000000344e+00 1.905100000000000238e+00 1.910100000000000131e+00 4.442579595173756085e-02
1.910100000000000131e+00 1.915100000000000025e+00 1.920099999999999918e+00 4.183196012624162269e-02
1.920099999999999918e+00 1.925099999999999811e+00 1.930099999999999705e+00 4.045875292455861083e-02
1.930100000000000149e+00 1.935100000000000042e+00 1.940099999999999936e+00 3.857695046285410795e-02
1.940099999999999936e+00 1.945099999999999829e+00 1.950099999999999723e+00 3.758518970617869687e-02
1.950100000000000167e+00 1.955100000000000060e+00 1.960099999999999953e+00 3.600854440050413330e-02
1.960099999999999953e+00 1.965099999999999847e+00 1.970099999999999740e+00 3.603397416342850323e-02
1.970100000000000184e+00 1.975100000000000078e+00 1.980099999999999971e+00 3.565252771852318175e-02
1.980099999999999971e+00 1.985099999999999865e+00 1.990099999999999758e+00 3.387244430890821306e-02
1.990100000000000202e+00 1.995100000000000096e+00 2.000100000000000211e+00 3.336384904905718291e-02
2.000100000000000211e+00 2.005100000000000104e+00 2.010099999999999998e+00 3.140575729847730480e-02
2.010100000000000442e+00 2.015100000000000335e+00 2.020100000000000229e+00 3.033770725261968060e-02
2.020100000000000673e+00 2.025100000000000566e+00 2.030100000000000460e+00 2.914250839188453276e-02
2.030100000000000460e+00 2.035100000000000353e+00 2.040100000000000247e+00 2.993083104472181108e-02
2.040100000000000247e+00 2.045100000000000140e+00 2.050100000000000033e+00 2.980368222979314780e-02
2.050100000000000033e+00 2.055099999999999927e+00 2.060099999999999820e+00 2.848133455411228435e-02
2.060100000000000264e+00 2.065100000000000158e+00 2.070100000000000051e+00 2.949852507376320501e-02
2.070100000000000495e+00 2.075100000000000389e+00 2.080100000000000282e+00 2.700640830039088489e-02
2.080100000000000282e+00 2.085100000000000176e+00 2.090100000000000069e+00 2.545519275765773665e-02
2.090100000000000069e+00 2.095099999999999962e+00 2.100099999999999856e+00 2.611636659556635168e-02
2.100100000000000300e+00 2.105100000000000193e+00 2.110100000000000087e+00 2.568406062460774908e-02
2.110100000000000531e+00 2.115100000000000424e+00 2.120100000000000318e+00 2.509917607572792475e-02
2.120100000000000318e+00 2.125100000000000211e+00 2.130100000000000104e+00 2.342081171810020748e-02
2.130100000000000104e+00 2.135099999999999998e+00 2.140099999999999891e+00 2.342081171815134366e-02
2.140100000000000335e+00 2.145100000000000229e+00 2.150100000000000122e+00 2.268334859119688907e-02
2.150100000000000566e+00 2.155100000000000460e+00 2.160100000000000353e+00 2.199674499044913800e-02
2.160100000000000353e+00 2.165100000000000247e+00 2.170100000000000140e+00 2.207303427935860748e-02
2.170100000000000140e+00 2.175100000000000033e+00 2.180099999999999927e+00 2.125928186357991731e-02
2.180100000000000371e+00 2.185100000000000264e+00 2.190100000000000158e+00 2.128471162652132917e-02
2.190100000000000602e+00 2.195100000000000495e+00 2.200100000000000389e+00 2.120842233761185969e-02
2.200100000000000389e+00 2.205100000000000282e+00 2.210100000000000176e+00 2.085240565564795354e-02
2.210100000000000176e+00 2.215100000000000069e+00 2.220099999999999962e+00 1.866544603806692681e-02
2.220100000000000406e+00 2.225100000000000300e+00 2.230100000000000193e+00 1.813142101517220897e-02
2.230100000000000637e+00 2.235100000000000531e+00 2.240100000000000424e+00 1.848743769718725130e-02
2.240100000000000424e+00 2.245100000000000318e+00 2.250100000000000211e+00 1.668192452449449720e-02
2.250100000000000211e+00 2.255100000000000104e+00 2.260099999999999998e+00 1.848743769717020591e-02
2.260100000000000442e+00 2.265100000000000335e+00 2.270100000000000229e+00 1.724137931033063037e-02
2.270100000000000673e+00 2.275100000000000566e+00 2.280100000000000460e+00 1.680907333949134899e-02
2.280100000000000460e+00 2.285100000000000353e+00 2.290100000000000247e+00 1.635133760555723681e-02
2.290100000000000247e+00 2.295100000000000140e+00 2.300100000000000033e+00 1.607161021265621909e-02
2.300100000000000477e+00 2.305100000000000371e+00 2.310100000000000264e+00 1.596989116065191880e-02
2.310100000000000264e+00 2.315100000000000158e+00 2.320100000000000051e+00 1.614789950166796439e-02
2.320100000000000495e+00 2.325100000000000389e+00 2.330100000000000282e+00 1.464754348491991917e-02
2.330100000000000282e+00 2.335100000000000176e+00 2.340100000000000069e+00 1.457125419597635717e-02
2.340100000000000069e+00 2.345099999999999962e+00 2.350099999999999856e+00 1.446953514395501322e-02
2.350100000000000300e+00 2.355100000000000193e+00 2.360100000000000087e+00 1.352863391321356377e-02
2.360100000000000531e+00 2.365100000000000424e+00 2.370100000000000318e+00 1.457125419592521925e-02
2.370100000000000318e+00 2.375100000000000211e+00 2.380100000000000104e+00 1.322347675718362273e-02
2.380100000000000104e+00 2.385099999999999998e+00 2.390099999999999891e+00 1.253687315638473375e-02
2.390100000000000335e+00 2.395100000000000229e+00 2.400100000000000122e+00 1.312175770526455461e-02
2.400100000000000566e+00 2.405100000000000460e+00 2.410100000000000353e+00 1.238429457842942470e-02
2.410100000000000353e+00 2.415100000000000247e+00 2.420100000000000140e+00 1.271488149733259257e-02
2.420100000000000140e+00 2.425100000000000033e+00 2.430099999999999927e+00 1.182483979254215362e-02
2.430100000000000371e+00 2.435100000000000264e+00 2.440100000000000158e+00 1.169769097751121104e-02
2.440100000000000602e+00 2.445100000000000495e+00 2.450100000000000389e+00 1.146882311064643251e-02
2.450100000000000389e+00 2.455100000000000282e+00 2.460100000000000176e+00 1.129081476963038864e-02
2.460100000000000176e+00 2.465100000000000069e+00 2.470099999999999962e+00 1.037534330183035106e-02
2.470100000000000406e+00 2.475100000000000300e+00 2.480100000000000193e+00 1.085850879873996762e-02
2.480100000000000637e+00 2.485100000000000531e+00 2.490100000000000424e+00 9.383582545018566423e-03
2.490100000000000424e+00 2.495100000000000318e+00 2.500100000000000211e+00 1.106194690268037968e-02
2.500100000000000211e+00 2.505100000000000104e+00 2.510099999999999998e+00 9.917607567930333129e-03
2.510100000000000442e+00 2.515100000000000335e+00 2.520100000000000229e+00 9.332723019084603056e-03
2.520100000000000673e+00 2.525100000000000566e+00 2.530100000000000460e+00 9.434442071020716566e-03
2.530100000000000460e+00 2.535100000000000353e+00 2.540100000000000247e+00 8.569830129188734866e-03
2.540100000000000247e+00 2.545100000000000140e+00 2.550100000000000033e+00 9.078425389107950064e-03
2.550100000000000477e+00 2.555100000000000371e+00 2.560100000000000264e+00 9.078425389124995457e-03
2.560100000000000264e+00 2.565100000000000158e+00 2.570100000000000051e+00 8.086664632262072910e-03
2.570100000000000495e+00 2.575100000000000389e+00 2.580100000000000282e+00 9.027565863139892441e-03
2.580100000000000282e+00 2.585100000000000176e+00 2.590100000000000069e+00 7.145763401520622594e-03
2.590100000000000069e+00 2.595099999999999962e+00 2.600099999999999856e+00 8.264672973261071379e-03
2.600100000000000300e+00 2.605100000000000193e+00 2.610100000000000087e+00 7.654358661388698144e-03
2.610100000000000531e+00 2.615100000000000424e+00 2.620100000000000318e+00 7.984945580325959399e-03
2.620100000000000318e+00 2.625100000000000211e+00 2.630100000000000104e+00 7.552639609384400460e-03
2.630100000000000104e+00 2.635099999999999998e+00 2.640099999999999891e+00 6.535449089682341881e-03
2.640100000000000335e+00 2.645100000000000229e+00 2.650100000000000122e+00 7.044044349533371170e-03
2.650100000000000566e+00 2.655100000000000460e+00 2.660100000000000353e+00 6.637168141584362871e-03
2.660100000000000353e+00 2.665100000000000247e+00 2.670100000000000140e+00 6.611738378608857623e-03
2.670100000000000140e+00 2.675100000000000033e+00 2.680099999999999927e+00 6.433730037643950808e-03
2.680100000000000371e+00 2.685100000000000264e+00 2.690100000000000158e+00 5.416539517907800576e-03
2.690100000000000602e+00 2.695100000000000495e+00 2.700100000000000389e+00 6.204862170693941845e-03
2.700100000000000389e+00 2.705100000000000282e+00 2.710100000000000176e+00 6.026853829746081290e-03
2.710100000000000176e+00 2.715100000000000069e+00 2.720099999999999962e+00 5.543688332802373074e-03
2.720100000000000406e+00 2.725100000000000300e+00 2.730100000000000193e+00 6.306581222715285789e-03
2.730100000000000637e+00 2.735100000000000531e+00 2.740100000000000424e+00 5.950564540768426766e-03
2.740100000000000424e+00 2.745100000000000318e+00 2.750100000000000211e+00 5.721696673784325282e-03
2.750100000000000211e+00 2.755100000000000104e+00 2.760099999999999998e+00 5.289390702927996776e-03
2.760100000000000442e+00 2.765100000000000335e+00 2.770100000000000229e+00 5.340250228827869358e-03
2.770100000000000673e+00 2.775100000000000566e+00 2.780100000000000460e+00 4.450208524037429537e-03
2.780100000000000460e+00 2.785100000000000353e+00 2.790100000000000247e+00 4.857084732071668270e-03
2.790100000000000247e+00 2.795100000000000140e+00 2.800100000000000033e+00 4.907944257937447465e-03
2.800100000000000477e+00 2.805100000000000371e+00 2.810100000000000264e+00 4.857084732020529490e-03
2.810100000000000264e+00 2.815100000000000158e+00 2.820100000000000051e+00 4.958803783939596740e-03
2.820100000000000495e+00 2.825100000000000389e+00 2.830100000000000282e+00 4.831654969010931722e-03
2.830100000000000282e+00 2.835100000000000176e+00 2.840100000000000069e+00 5.136812124904503556e-03
2.840100000000000069e+00 2.845099999999999962e+00 2.850099999999999856e+00 4.475638287047026438e-03
2.850100000000000300e+00 2.855100000000000193e+00 2.860100000000000087e+00 4.323059709108764519e-03
2.860100000000000531e+00 2.865100000000000424e+00 2.870100000000000318e+00 3.890753738167204712e-03
2.870100000000000318e+00 2.875100000000000211e+00 2.880100000000000104e+00 3.992472790137410743e-03
2.880100000000000104e+00 2.885099999999999998e+00 2.890099999999999891e+00 4.195910894146006979e-03
2.890100000000000335e+00 2.895100000000000229e+00 2.900100000000000122e+00 3.509307293261886701e-03
2.900100000000000566e+00 2.905100000000000460e+00 2.910100000000000353e+00 4.094191842158754688e-03
2.910100000000000353e+00 2.915100000000000247e+00 2.920100000000000140e+00 3.763604923204447606e-03
2.920100000000000140e+00 2.925100000000000033e+00 2.930099999999999927e+00 3.483877530286381453e-03
2.930100000000000371e+00 2.935100000000000264e+00 2.940100000000000158e+00 3.229579900343820548e-03
2.940100000000000602e+00 2.945100000000000495e+00 2.950100000000000389e+00 3.585596582205448704e-03
2.950100000000000389e+00 2.955100000000000282e+00 2.960100000000000176e+00 3.483877530269335193e-03
2.960100000000000176e+00 2.965100000000000069e+00 2.970099999999999962e+00 2.975282270384213383e-03
2.970100000000000406e+00 2.975100000000000300e+00 2.980100000000000193e+00 3.382158478316175422e-03
2.980100000000000637e+00 2.985100000000000531e+00 2.990100000000000424e+00 2.314108432509690873e-03
2.990100000000000424e+00 2.995100000000000318e+00 3.000100000000000211e+00 2.619265588437354794e-03
3.000100000000000211e+00 3.005100000000000104e+00 3.010099999999999998e+00 2.517546536398964155e-03
3.010100000000000442e+00 3.015100000000000335e+00 3.020100000000000229e+00 2.517546536552379630e-03
3.020100000000000673e+00 3.025100000000000566e+00 3.030100000000000460e+00 2.898992981423605120e-03
3.030100000000000460e+00 3.035100000000000353e+00 3.040100000000000247e+00 2.059810802533037881e-03
3.040100000000000247e+00 3.045100000000000140e+00 3.050100000000000033e+00 2.339538195553380728e-03
3.050100000000000477e+00 3.055100000000000371e+00 3.060100000000000264e+00 2.008951276547934865e-03
3.060100000000000708e+00 3.065100000000000602e+00 3.070100000000000495e+00 2.034381039574578460e-03
3.070100000000000495e+00 3.075100000000000389e+00 3.080100000000000282e+00 1.907232224594775094e-03
3.080100000000000282e+00 3.085100000000000176e+00 3.090100000000000069e+00 2.263248906507542031e-03
3.090100000000000069e+00 3.095099999999999962e+00 3.100099999999999856e+00 1.907232224662959701e-03
3.100100000000000300e+00 3.105100000000000193e+00 3.110100000000000087e+00 1.932661987536188255e-03
3.110100000000000531e+00 3.115100000000000424e+00 3.120100000000000318e+00 1.881802461602223803e-03
3.120100000000000318e+00 3.125100000000000211e+00 3.130100000000000104e+00 1.474926253704354068e-03
3.130100000000000104e+00 3.135099999999999998e+00 3.140099999999999891e+00 1.296917912756493946e-03
3.140100000000000335e+00 3.145100000000000229e+00 3.150100000000000122e+00 1.347777438724550702e-03
3.150100000000000566e+00 3.155100000000000460e+00 3.160100000000000353e+00 1.627504831642616855e-03
3.160100000000000353e+00 3.165100000000000247e+00 3.170100000000000140e+00 1.347777438741596745e-03
3.170100000000000140e+00 3.175100000000000033e+00 3.180099999999999927e+00 1.195198860735149568e-03
3.180100000000000371e+00 3.185100000000000264e+00 3.190100000000000158e+00 9.917607567947379389e-04
3.190100000000000602e+00 3.195100000000000495e+00 3.200100000000000389e+00 1.373207201700055950e-03
3.200100000000000389e+00 3.205100000000000282e+00 3.210100000000000176e+00 1.195198860769241872e-03
3.210100000000000176e+00 3.215100000000000069e+00 3.220099999999999962e+00 9.663309937680941274e-04
3.220100000000000406e+00 3.225100000000000300e+00 3.230100000000000193e+00 1.322347675680860847e-03
3.230100000000000637e+00 3.235100000000000531e+00 3.240100000000000424e+00 1.042620282830979302e-03
3.240100000000000424e+00 3.245100000000000318e+00 3.250100000000000211e+00 1.271488149729850135e-03
3.250100000000000211e+00 3.255100000000000104e+00 3.260099999999999998e+00 9.154714678000372636e-04
3.260100000000000442e+00 3.265100000000000335e+00 3.270100000000000229e+00 1.068050045789438289e-03
3.270100000000000673e+00 3.275100000000000566e+00 3.280100000000000460e+00 6.357440748819712193e-04
3.280100000000000460e+00 3.285100000000000353e+00 3.290100000000000247e+00 8.137524157957391454e-04
3.290100000000000247e+00 3.295100000000000140e+00 3.300100000000000033e+00 1.042620282796886998e-03
3.300100000000000477e+00 3.305100000000000371e+00 3.310100000000000264e+00 8.137524158639237526e-04
3.310100000000000708e+00 3.315100000000000602e+00 3.320100000000000495e+00 6.866036008329818230e-04
3.320100000000000495e+00 3.325100000000000389e+00 3.330100000000000282e+00 7.120333638596256344e-04
3.330100000000000282e+00 3.335100000000000176e+00 3.340100000000000069e+00 6.611738378915687706e-04
3.340100000000000069e+00 3.345099999999999962e+00 3.350099999999999856e+00 4.831654968925701396e-04
3.350100000000000300e+00 3.355100000000000193e+00 3.360100000000000087e+00 7.883226528372799411e-04
3.360100000000000531e+00 3.365100000000000424e+00 3.370100000000000318e+00 7.374631268180847302e-04
3.370100000000000318e+00 3.375100000000000211e+00 3.380100000000000104e+00 5.848845488968683120e-04
3.380100000000000104e+00 3.385099999999999998e+00 3.390099999999999891e+00 5.594547858702245005e-04
3.390100000000000335e+00 3.395100000000000229e+00 3.400100000000000122e+00 5.848845488968683120e-04
3.400100000000000566e+00 3.405100000000000460e+00 3.410100000000000353e+00 4.577357339000186318e-04
3.410100000000000353e+00 3.415100000000000247e+00 3.420100000000000140e+00 5.340250228776731011e-04
3.420100000000000140e+00 3.425100000000000033e+00 3.430099999999999927e+00 3.305869189372613094e-04
3.430100000000000371e+00 3.435100000000000264e+00 3.440100000000000158e+00 3.814464449223642709e-04
3.440100000000000602e+00 3.445100000000000495e+00 3.450100000000000389e+00 3.305869189031690599e-04
3.450100000000000389e+00 3.455100000000000282e+00 3.460100000000000176e+00 5.594547858872706524e-04
3.460100000000000176e+00 3.465100000000000069e+00 3.470099999999999962e+00 4.323059708904210263e-04
3.470100000000000406e+00 3.475100000000000300e+00 3.480100000000000193e+00 5.085952598510292896e-04
3.480100000000000637e+00 3.485100000000000531e+00 3.490100000000000424e+00 3.814464449053181190e-04
3.490100000000000424e+00 3.495100000000000318e+00 3.500100000000000211e+00 2.288678669500093159e-04
3.500100000000000211e+00 3.505100000000000104e+00 3.510099999999999998e+00 2.034381039404117104e-04
3.510100000000000442e+00 3.515100000000000335e+00 3.520100000000000229e+00 0.000000000000000000e+00
3.520100000000000673e+00 3.525100000000000566e+00 3.530100000000000460e+00 0.000000000000000000e+00
3.530100000000000460e+00 3.535100000000000353e+00 3.540100000000000247e+00 0.000000000000000000e+00
3.540100000000000247e+00 3.545100000000000140e+00 3.550100000000000033e+00 0.000000000000000000e+00
3.550100000000000477e+00 3.555100000000000371e+00 3.560100000000000264e+00 0.000000000000000000e+00
3.560100000000000708e+00 3.565100000000000602e+00 3.570100000000000495e+00 0.000000000000000000e+00
3.570100000000000495e+00 3.575100000000000389e+00 3.580100000000000282e+00 0.000000000000000000e+00
3.580100000000000282e+00 3.585100000000000176e+00 3.590100000000000069e+00 0.000000000000000000e+00
3.590100000000000069e+00 3.595099999999999962e+00 3.600099999999999856e+00 0.000000000000000000e+00
3.600100000000000300e+00 3.605100000000000193e+00 3.610100000000000087e+00 0.000000000000000000e+00
3.610100000000000531e+00 3.615100000000000424e+00 3.620100000000000318e+00 0.000000000000000000e+00
3.620100000000000318e+00 3.625100000000000211e+00 3.630100000000000104e+00 0.000000000000000000e+00
3.630100000000000104e+00 3.635099999999999998e+00 3.640099999999999891e+00 0.000000000000000000e+00
3.640100000000000335e+00 3.645100000000000229e+00 3.650100000000000122e+00 0.000000000000000000e+00
3.650100000000000566e+00 3.655100000000000460e+00 3.660100000000000353e+00 0.000000000000000000e+00
3.660100000000000353e+00 3.665100000000000247e+00 3.670100000000000140e+00 0.000000000000000000e+00
3.670100000000000140e+00 3.675100000000000033e+00 3.680099999999999927e+00 0.000000000000000000e+00
3.680100000000000371e+00 3.685100000000000264e+00 3.690100000000000158e+00 0.000000000000000000e+00
3.690100000000000602e+00 3.695100000000000495e+00 3.700100000000000389e+00 0.000000000000000000e+00
3.700100000000000389e+00 3.705100000000000282e+00 3.710100000000000176e+00 0.000000000000000000e+00
3.710100000000000176e+00 3.715100000000000069e+00 3.720099999999999962e+00 0.000000000000000000e+00
3.720100000000000406e+00 3.725100000000000300e+00 3.730100000000000193e+00 0.000000000000000000e+00
3.730100000000000637e+00 3.735100000000000531e+00 3.740100000000000424e+00 0.000000000000000000e+00
3.740100000000000424e+00 3.745100000000000318e+00 3.750100000000000211e+00 0.000000000000000000e+00
3.750100000000000211e+00 3.755100000000000104e+00 3.760099999999999998e+00 0.000000000000000000e+00
3.760100000000000442e+00 3.765100000000000335e+00 3.770100000000000229e+00 0.000000000000000000e+00
3.770100000000000673e+00 3.775100000000000566e+00 3.780100000000000460e+00 0.000000000000000000e+00
3.780100000000000460e+00 3.785100000000000353e+00 3.790100000000000247e+00 0.000000000000000000e+00
3.790100000000000247e+00 3.795100000000000140e+00 3.800100000000000033e+00 0.000000000000000000e+00
3.800100000000000477e+00 3.805100000000000371e+00 3.810100000000000264e+00 0.000000000000000000e+00
3.810100000000000708e+00 3.815100000000000602e+00 3.820100000000000495e+00 0.000000000000000000e+00
3.820100000000000495e+00 3.825100000000000389e+00 3.830100000000000282e+00 0.000000000000000000e+00
3.830100000000000282e+00 3.835100000000000176e+00 3.840100000000000069e+00 0.000000000000000000e+00
3.840100000000000069e+00 3.845099999999999962e+00 3.850099999999999856e+00 0.000000000000000000e+00
3.850100000000000300e+00 3.855100000000000193e+00 3.860100000000000087e+00 0.000000000000000000e+00
3.860100000000000531e+00 3.865100000000000424e+00 3.870100000000000318e+00 0.000000000000000000e+00
3.870100000000000318e+00 3.875100000000000211e+00 3.880100000000000104e+00 0.000000000000000000e+00
3.880100000000000104e+00 3.885099999999999998e+00 3.890099999999999891e+00 0.000000000000000000e+00
3.890100000000000335e+00 3.895100000000000229e+00 3.900100000000000122e+00 0.000000000000000000e+00
3.900100000000000566e+00 3.905100000000000460e+00 3.910100000000000353e+00 0.000000000000000000e+00
3.910100000000000353e+00 3.915100000000000247e+00 3.920100000000000140e+00 0.000000000000000000e+00
3.920100000000000140e+00 3.925100000000000033e+00 3.930099999999999927e+00 0.000000000000000000e+00
3.930100000000000371e+00 3.935100000000000264e+00 3.940100000000000158e+00 0.000000000000000000e+00
3.940100000000000602e+00 3.945100000000000495e+00 3.950100000000000389e+00 0.000000000000000000e+00
3.950100000000000389e+00 3.955100000000000282e+00 3.960100000000000176e+00 0.000000000000000000e+00
3.960100000000000176e+00 3.965100000000000069e+00 3.970099999999999962e+00 0.000000000000000000e+00
3.970100000000000406e+00 3.975100000000000300e+00 3.980100000000000193e+00 0.000000000000000000e+00
3.980100000000000637e+00 3.985100000000000531e+00 3.990100000000000424e+00 0.000000000000000000e+00
3.990100000000000424e+00 3.995100000000000318e+00 4.000100000000000655e+00 0.000000000000000000e+00
