1.000000000000011297e-04 5.100000000000000366e-03 1.009999999999999960e-02 3.369759018576272847e-03
1.009999999999999960e-02 1.509999999999999884e-02 2.009999999999999981e-02 1.152812295828726727e-02
2.009999999999999981e-02 2.510000000000000078e-02 3.010000000000000175e-02 2.034133885302522038e-02
3.010000000000000869e-02 3.510000000000000620e-02 4.010000000000000370e-02 3.129646635066390958e-02
4.010000000000000370e-02 4.510000000000000120e-02 5.009999999999999870e-02 4.174681213296924098e-02
5.010000000000000564e-02 5.510000000000000314e-02 6.010000000000000064e-02 5.882753395992281614e-02
6.010000000000000758e-02 6.510000000000000508e-02 7.010000000000000953e-02 7.530797482810085153e-02
7.010000000000000953e-02 7.510000000000001397e-02 8.010000000000001841e-02 9.859614747874644036e-02
8.009999999999999065e-02 8.509999999999999509e-02 9.009999999999999953e-02 1.242581584663658284e-01
9.009999999999999953e-02 9.510000000000000397e-02 1.001000000000000084e-01 1.538356384350832440e-01
1.001000000000000084e-01 1.051000000000000129e-01 1.101000000000000173e-01 1.904664196694045297e-01
1.100999999999999895e-01 1.150999999999999940e-01 1.200999999999999984e-01 2.326634425214653967e-01
1.200999999999999845e-01 1.250999999999999890e-01 1.300999999999999934e-01 2.690077260254657987e-01
1.300999999999999934e-01 1.350999999999999979e-01 1.401000000000000023e-01 3.187764746075138489e-01
1.401000000000000023e-01 1.451000000000000068e-01 1.501000000000000112e-01 3.659258153694231464e-01
1.500999999999999834e-01 1.550999999999999879e-01 1.600999999999999923e-01 4.077135557495727425e-01
1.600999999999999923e-01 1.650999999999999968e-01 1.701000000000000012e-01 4.572503775975491069e-01
1.700999999999999734e-01 1.750999999999999779e-01 1.800999999999999823e-01 5.231721410702560027e-01
1.800999999999999823e-01 1.850999999999999868e-01 1.900999999999999912e-01 5.836504476668072927e-01
1.900999999999999912e-01 1.950999999999999956e-01 2.001000000000000001e-01 6.427371938589204747e-01
2.001000000000000001e-01 2.051000000000000045e-01 2.101000000000000090e-01 6.950298510176339262e-01
2.100999999999999812e-01 2.150999999999999857e-01 2.200999999999999901e-01 7.602558342881349240e-01
2.200999999999999901e-01 2.250999999999999945e-01 2.300999999999999990e-01 8.269961627047901498e-01
2.300999999999999712e-01 2.350999999999999757e-01 2.400999999999999801e-01 8.941321308443567206e-01
2.400999999999999801e-01 2.450999999999999845e-01 2.500999999999999890e-01 9.639557205491409153e-01
2.500999999999999890e-01 2.550999999999999934e-01 2.600999999999999979e-01 1.032305893355128124e+00
2.600999999999999979e-01 2.651000000000000023e-01 2.701000000000000068e-01 1.089632724918121687e+00
2.701000000000000068e-01 2.751000000000000112e-01 2.801000000000000156e-01 1.140274609440237841e+00
2.801000000000000156e-01 2.851000000000000201e-01 2.901000000000000245e-01 1.163412711850932091e+00
2.900999999999999690e-01 2.950999999999999734e-01 3.000999999999999779e-01 1.157423545011597055e+00
3.000999999999999779e-01 3.050999999999999823e-01 3.100999999999999868e-01 1.102115840309805694e+00
3.100999999999999868e-01 3.150999999999999912e-01 3.200999999999999956e-01 1.064243568910739235e+00
3.200999999999999956e-01 3.251000000000000001e-01 3.301000000000000045e-01 1.085649042190675040e+00
3.301000000000000045e-01 3.351000000000000090e-01 3.401000000000000134e-01 1.091911064010623100e+00
3.401000000000000134e-01 3.451000000000000179e-01 3.501000000000000223e-01 1.097641018617085740e+00
3.500999999999999668e-01 3.550999999999999712e-01 3.600999999999999757e-01 1.096836096422395546e+00
3.600999999999999757e-01 3.650999999999999801e-01 3.700999999999999845e-01 1.124107951799424798e+00
3.700999999999999845e-01 3.750999999999999890e-01 3.800999999999999934e-01 1.146591202255328845e+00
3.800999999999999934e-01 3.850999999999999979e-01 3.901000000000000023e-01 1.197656011998355918e+00
3.901000000000000023e-01 3.951000000000000068e-01 4.001000000000000112e-01 1.262581854789594837e+00
4.001000000000000112e-01 4.051000000000000156e-01 4.101000000000000201e-01 1.330113462652924516e+00
4.101000000000000201e-01 4.151000000000000245e-01 4.201000000000000290e-01 1.457741380138968923e+00
4.200999999999999734e-01 4.250999999999999779e-01 4.300999999999999823e-01 1.620663089450475880e+00
4.300999999999999823e-01 4.350999999999999868e-01 4.400999999999999912e-01 1.766545005181995753e+00
4.400999999999999912e-01 4.450999999999999956e-01 4.501000000000000001e-01 1.906028471602980501e+00
4.501000000000000001e-01 4.551000000000000045e-01 4.601000000000000090e-01 2.023096901313204743e+00
4.601000000000000090e-01 4.651000000000000134e-01 4.701000000000000179e-01 2.146822992566375099e+00
4.700999999999999623e-01 4.750999999999999668e-01 4.800999999999999712e-01 2.289457934020819874e+00
4.800999999999999712e-01 4.850999999999999757e-01 4.900999999999999801e-01 2.380441427522542508e+00
4.900999999999999801e-01 4.950999999999999845e-01 5.000999999999999890e-01 2.488601142094589047e+00
5.000999999999999890e-01 5.050999999999999934e-01 5.100999999999999979e-01 2.595874077977604610e+00
5.100999999999999979e-01 5.151000000000000023e-01 5.201000000000000068e-01 2.722356004541383712e+00
5.201000000000000068e-01 5.251000000000000112e-01 5.301000000000000156e-01 2.909725520170347135e+00
5.301000000000000156e-01 5.351000000000000201e-01 5.401000000000000245e-01 3.113179836940275447e+00
5.401000000000000245e-01 5.451000000000000290e-01 5.501000000000000334e-01 3.229948126170196776e+00
5.501000000000000334e-01 5.551000000000000378e-01 5.601000000000000423e-01 3.334751724472282408e+00
5.601000000000000423e-01 5.651000000000000467e-01 5.701000000000000512e-01 3.403824962978388324e+00
5.700999999999999401e-01 5.750999999999999446e-01 5.800999999999999490e-01 3.335092793198830563e+00
5.800999999999999490e-01 5.850999999999999535e-01 5.900999999999999579e-01 3.112729626220561041e+00
5.900999999999999579e-01 5.950999999999999623e-01 6.000999999999999668e-01 2.809314887058805610e+00
6.000999999999999668e-01 6.050999999999999712e-01 6.100999999999999757e-01 2.475940670954605238e+00
6.100999999999999757e-01 6.150999999999999801e-01 6.200999999999999845e-01 2.166850548182689629e+00
6.200999999999999845e-01 6.250999999999999890e-01 6.300999999999999934e-01 1.917242811325465812e+00
6.300999999999999934e-01 6.350999999999999979e-01 6.401000000000000023e-01 1.714034064031657145e+00
6.401000000000000023e-01 6.451000000000000068e-01 6.501000000000000112e-01 1.518656254700051278e+00
6.501000000000000112e-01 6.551000000000000156e-01 6.601000000000000201e-01 1.348462960138798516e+00
6.601000000000000201e-01 6.651000000000000245e-01 6.701000000000000290e-01 1.198106222715090263e+00
6.701000000000000290e-01 6.751000000000000334e-01 6.801000000000000378e-01 1.063124863485528815e+00
6.801000000000000378e-01 6.851000000000000423e-01 6.901000000000000467e-01 9.212812014772667757e-01
6.901000000000000467e-01 6.951000000000000512e-01 7.001000000000000556e-01 7.785234752817720150e-01
7.001000000000000556e-01 7.051000000000000600e-01 7.101000000000000645e-01 6.528055426658807558e-01
7.100999999999999535e-01 7.150999999999999579e-01 7.200999999999999623e-01 5.496390742513037608e-01
7.200999999999999623e-01 7.250999999999999668e-01 7.300999999999999712e-01 4.601835686449503582e-01
7.300999999999999712e-01 7.350999999999999757e-01 7.400999999999999801e-01 4.014788194268906762e-01
7.400999999999999801e-01 7.450999999999999845e-01 7.500999999999999890e-01 3.465940399461972521e-01
7.500999999999999890e-01 7.550999999999999934e-01 7.600999999999999979e-01 3.056657927571073685e-01
7.600999999999999979e-01 7.651000000000000023e-01 7.701000000000000068e-01 2.687075855454818529e-01
7.701000000000000068e-01 7.751000000000000112e-01 7.801000000000000156e-01 2.335365784608295081e-01
7.801000000000000156e-01 7.851000000000000201e-01 7.901000000000000245e-01 2.095799111062560116e-01
7.901000000000000245e-01 7.951000000000000290e-01 8.001000000000000334e-01 1.921171923055664532e-01
8.001000000000000334e-01 8.051000000000000378e-01 8.101000000000000423e-01 1.747636154974027967e-01
8.101000000000000423e-01 8.151000000000000467e-01 8.201000000000000512e-01 1.617893611383722785e-01
8.201000000000000512e-01 8.251000000000000556e-01 8.301000000000000600e-01 1.524031497830788118e-01
8.300999999999999490e-01 8.350999999999999535e-01 8.400999999999999579e-01 1.404657443529576111e-01
8.400999999999999579e-01 8.450999999999999623e-01 8.500999999999999668e-01 1.318980979414283439e-01
8.500999999999999668e-01 8.550999999999999712e-01 8.600999999999999757e-01 1.288421221512633386e-01
8.600999999999999757e-01 8.650999999999999801e-01 8.700999999999999845e-01 1.249266531701752614e-01
8.700999999999999845e-01 8.750999999999999890e-01 8.800999999999999934e-01 1.246128699415749719e-01
8.800999999999999934e-01 8.850999999999999979e-01 8.901000000000000023e-01 1.207792574550579923e-01
8.901000000000000023e-01 8.951000000000000068e-01 9.001000000000000112e-01 1.149947318522656636e-01
9.001000000000000112e-01 9.051000000000000156e-01 9.101000000000000201e-01 1.048445265493842815e-01
9.101000000000000201e-01 9.151000000000000245e-01 9.201000000000000290e-01 9.348011657986067535e-02
9.201000000000000290e-01 9.251000000000000334e-01 9.301000000000000378e-01 8.192470812352008191e-02
9.301000000000000378e-01 9.351000000000000423e-01 9.401000000000000467e-01 7.229292728491336362e-02
9.401000000000000467e-01 9.451000000000000512e-01 9.501000000000000556e-01 6.669940016915135161e-02
9.501000000000000556e-01 9.551000000000000600e-01 9.601000000000000645e-01 6.709503989200271690e-02
9.600999999999999535e-01 9.650999999999999579e-01 9.700999999999999623e-01 6.787267658854136132e-02
9.700999999999999623e-01 9.750999999999999668e-01 9.800999999999999712e-01 6.953709197426456712e-02
9.800999999999999712e-01 9.850999999999999757e-01 9.900999999999999801e-01 7.114693636370482410e-02
9.900999999999999801e-01 9.950999999999999845e-01 1.000099999999999989e+00 7.660403598891947496e-02
1.000099999999999989e+00 1.005099999999999882e+00 1.010099999999999776e+00 8.159728214598241380e-02
1.010100000000000220e+00 1.015100000000000113e+00 1.020100000000000007e+00 8.373919374886139300e-02
1.020100000000000007e+00 1.025099999999999900e+00 1.030099999999999794e+00 8.324805478262153891e-02
1.030100000000000238e+00 1.035100000000000131e+00 1.040100000000000025e+00 7.843216436326484742e-02
1.040100000000000025e+00 1.045099999999999918e+00 1.050099999999999811e+00 7.614018252079442217e-02
1.050100000000000255e+00 1.055100000000000149e+00 1.060100000000000042e+00 7.585368479044228562e-02
1.060100000000000042e+00 1.065099999999999936e+00 1.070099999999999829e+00 8.088785919471744301e-02
1.070100000000000273e+00 1.075100000000000167e+00 1.080100000000000060e+00 8.178828063278605065e-02
1.080100000000000060e+00 1.085099999999999953e+00 1.090099999999999847e+00 8.056043321720642025e-02
1.090100000000000291e+00 1.095100000000000184e+00 1.100100000000000078e+00 8.103792943437554408e-02
1.100100000000000078e+00 1.105099999999999971e+00 1.110099999999999865e+00 7.950994153942637921e-02
1.110100000000000309e+00 1.115100000000000202e+00 1.120100000000000096e+00 7.764088491768211808e-02
1.120100000000000096e+00 1.125099999999999989e+00 1.130099999999999882e+00 7.732710168918850713e-02
1.130100000000000326e+00 1.135100000000000220e+00 1.140100000000000113e+00 7.854130635585740428e-02
1.140100000000000113e+00 1.145100000000000007e+00 1.150099999999999900e+00 7.934622855059086932e-02
1.150100000000000122e+00 1.155100000000000016e+00 1.160099999999999909e+00 7.813202388396196796e-02
1.160100000000000131e+00 1.165100000000000025e+00 1.170099999999999918e+00 7.964636902994706724e-02
1.170099999999999918e+00 1.175099999999999811e+00 1.180099999999999705e+00 7.769545591392507111e-02
1.180100000000000149e+00 1.185100000000000042e+00 1.190099999999999936e+00 7.038294241618357761e-02
1.190099999999999936e+00 1.195099999999999829e+00 1.200099999999999723e+00 5.911403169010178565e-02
1.200100000000000167e+00 1.205100000000000060e+00 1.210099999999999953e+00 4.309744429011032330e-02
1.210099999999999953e+00 1.215099999999999847e+00 1.220099999999999740e+00 3.196496105468257104e-02
1.220100000000000184e+00 1.225100000000000078e+00 1.230099999999999971e+00 2.320631615621632921e-02
1.230099999999999971e+00 1.235099999999999865e+00 1.240099999999999758e+00 2.173289925735010647e-02
1.240100000000000202e+00 1.245100000000000096e+00 1.250099999999999989e+00 2.053233733989861740e-02
1.250099999999999989e+00 1.255099999999999882e+00 1.260099999999999776e+00 1.938634641855674010e-02
1.260100000000000220e+00 1.265100000000000113e+00 1.270100000000000007e+00 1.971377239609442208e-02
1.270100000000000007e+00 1.275099999999999900e+00 1.280099999999999794e+00 1.839042573695296584e-02
1.280100000000000238e+00 1.285100000000000131e+00 1.290100000000000025e+00 1.631672787936100030e-02
1.290100000000000025e+00 1.295099999999999918e+00 1.300099999999999811e+00 1.462502699556299246e-02
1.300100000000000255e+00 1.305100000000000149e+00 1.310100000000000042e+00 1.226483140768555753e-02
1.310100000000000042e+00 1.315099999999999936e+00 1.320099999999999829e+00 1.332896583457634718e-02
1.320100000000000273e+00 1.325100000000000167e+00 1.330100000000000060e+00 1.218297491328780395e-02
1.330100000000000060e+00 1.335099999999999953e+00 1.340099999999999847e+00 1.268775662865172758e-02
1.340100000000000291e+00 1.345100000000000184e+00 1.350100000000000078e+00 1.281054137019502215e-02
1.350100000000000078e+00 1.355099999999999971e+00 1.360099999999999865e+00 1.281054137015502116e-02
1.360100000000000309e+00 1.365100000000000202e+00 1.370100000000000096e+00 1.367003456111809574e-02
1.370100000000000096e+00 1.375099999999999989e+00 1.380099999999999882e+00 1.380646205179879640e-02
1.380100000000000326e+00 1.385100000000000220e+00 1.390100000000000113e+00 1.282418411926575935e-02
1.390100000000000113e+00 1.395100000000000007e+00 1.400099999999999900e+00 1.380646205177212850e-02
1.400100000000000122e+00 1.405100000000000016e+00 1.410099999999999909e+00 1.473416898803555156e-02
1.410100000000000131e+00 1.415100000000000025e+00 1.420099999999999918e+00 1.577101791691820284e-02
1.420099999999999918e+00 1.425099999999999811e+00 1.430099999999999705e+00 1.463866974455372769e-02
1.430100000000000149e+00 1.435100000000000042e+00 1.440099999999999936e+00 1.432488651622012242e-02
1.440099999999999936e+00 1.445099999999999829e+00 1.450099999999999723e+00 1.488423922780032251e-02
1.450100000000000167e+00 1.455100000000000060e+00 1.460099999999999953e+00 1.496609572213140893e-02
1.460099999999999953e+00 1.465099999999999847e+00 1.470099999999999740e+00 1.537537819404017486e-02
1.470100000000000184e+00 1.475100000000000078e+00 1.480099999999999971e+00 1.626215688306471840e-02
1.480099999999999971e+00 1.485099999999999865e+00 1.490099999999999758e+00 1.657594011155832936e-02
1.490100000000000202e+00 1.495100000000000096e+00 1.500099999999999989e+00 1.642586987194022755e-02
1.500099999999999989e+00 1.505099999999999882e+00 1.510099999999999776e+00 1.683515234375565842e-02
1.510100000000000220e+00 1.515100000000000113e+00 1.520100000000000007e+00 1.829492649359114667e-02
1.520100000000000007e+00 1.525099999999999900e+00 1.530099999999999794e+00 1.616665763964956343e-02
1.530100000000000238e+00 1.535100000000000131e+00 1.540100000000000025e+00 1.669872485311495874e-02
1.540100000000000025e+00 1.545099999999999918e+00 1.550099999999999811e+00 1.656229736252759488e-02
1.550100000000000255e+00 1.555100000000000149e+00 1.560100000000000042e+00 1.549816293559680425e-02
1.560100000000000042e+00 1.565099999999999936e+00 1.570099999999999829e+00 1.731264856105810962e-02
1.570100000000000273e+00 1.575100000000000167e+00 1.580100000000000060e+00 1.716257832122667151e-02
1.580100000000000060e+00 1.585099999999999953e+00 1.590099999999999847e+00 1.620758588687510812e-02
1.590100000000000291e+00 1.595100000000000184e+00 1.600100000000000078e+00 1.603023014903552992e-02
1.600100000000000078e+00 1.605099999999999971e+00 1.610099999999999865e+00 1.575737516779413330e-02
1.610100000000000309e+00 1.615100000000000202e+00 1.620100000000000096e+00 1.627579963220212450e-02
1.620100000000000096e+00 1.625099999999999989e+00 1.630099999999999882e+00 1.605751564723034014e-02
1.630100000000000326e+00 1.635100000000000220e+00 1.640100000000000113e+00 1.598930190183665487e-02
1.640100000000000113e+00 1.645100000000000007e+00 1.650099999999999900e+00 1.581194616406374556e-02
1.650100000000000344e+00 1.655100000000000238e+00 1.660100000000000131e+00 1.627579963220212450e-02
1.660100000000000131e+00 1.665100000000000025e+00 1.670099999999999918e+00 1.672601035126976624e-02
1.670099999999999918e+00 1.675099999999999811e+00 1.680099999999999705e+00 1.620758588688844121e-02
1.680100000000000149e+00 1.685100000000000042e+00 1.690099999999999936e+00 1.642586987188689521e-02
1.690099999999999936e+00 1.695099999999999829e+00 1.700099999999999723e+00 1.534809269585869947e-02
1.700100000000000167e+00 1.705100000000000060e+00 1.710099999999999953e+00 1.627579963216212525e-02
1.710099999999999953e+00 1.715099999999999847e+00 1.720099999999999740e+00 1.511616596193618087e-02
1.720100000000000184e+00 1.725100000000000078e+00 1.730099999999999971e+00 1.518437970710319329e-02
1.730099999999999971e+00 1.735099999999999865e+00 1.740099999999999758e+00 1.474781173717295765e-02
1.740100000000000202e+00 1.745100000000000096e+00 1.750099999999999989e+00 1.427031551993717361e-02
1.750099999999999989e+00 1.755099999999999882e+00 1.760099999999999776e+00 1.463866974460706176e-02
1.760100000000000220e+00 1.765100000000000113e+00 1.770100000000000007e+00 1.394288954238616200e-02
1.770100000000000007e+00 1.775099999999999900e+00 1.780099999999999794e+00 1.380646205178546158e-02
1.780100000000000238e+00 1.785100000000000131e+00 1.790100000000000025e+00 1.267411387954098939e-02
1.790100000000000025e+00 1.795099999999999918e+00 1.800099999999999811e+00 1.270139937769579688e-02
1.800100000000000255e+00 1.805100000000000149e+00 1.810100000000000042e+00 1.231940240390183745e-02
1.810100000000000042e+00 1.815099999999999936e+00 1.820099999999999829e+00 1.311068184960456282e-02
1.820100000000000273e+00 1.825100000000000167e+00 1.830100000000000060e+00 1.263318563235544569e-02
1.830100000000000060e+00 1.835099999999999953e+00 1.840099999999999847e+00 1.338353683081929327e-02
1.840100000000000291e+00 1.845100000000000184e+00 1.850100000000000078e+00 1.206019017173117457e-02
1.850100000000000078e+00 1.855099999999999971e+00 1.860099999999999865e+00 1.206019017166450741e-02
1.860100000000000309e+00 1.865100000000000202e+00 1.870100000000000096e+00 1.233304515298590774e-02
1.870100000000000096e+00 1.875099999999999989e+00 1.880099999999999882e+00 1.203290467364303597e-02
1.880100000000000326e+00 1.885100000000000220e+00 1.890100000000000113e+00 1.181462068857791481e-02
1.890100000000000113e+00 1.895100000000000007e+00 1.900099999999999900e+00 1.215568941515966436e-02
1.900100000000000344e+00 1.905100000000000238e+00 1.910100000000000131e+00 1.113248323546775151e-02
1.910100000000000131e+00 1.915100000000000025e+00 1.920099999999999918e+00 1.165090769978240764e-02
1.920099999999999918e+00 1.925099999999999811e+00 1.930099999999999705e+00 1.181462068860458271e-02
1.930100000000000149e+00 1.935100000000000042e+00 1.940099999999999936e+00 1.103698399199926072e-02
1.940099999999999936e+00 1.945099999999999829e+00 1.950099999999999723e+00 1.188283443386493193e-02
1.950100000000000167e+00 1.955100000000000060e+00 1.960099999999999953e+00 1.095512749760150714e-02
1.960099999999999953e+00 1.965099999999999847e+00 1.970099999999999740e+00 1.106426949011406723e-02
1.970100000000000184e+00 1.975100000000000078e+00 1.980099999999999971e+00 1.126891072608178501e-02
1.980099999999999971e+00 1.985099999999999865e+00 1.990099999999999758e+00 1.121433972981217102e-02
1.990100000000000202e+00 1.995100000000000096e+00 2.000100000000000211e+00 1.069591526541751290e-02
2.000100000000000211e+00 2.005100000000000104e+00 2.010099999999999998e+00 1.084598550510228188e-02
2.010100000000000442e+00 2.015100000000000335e+00 2.020100000000000229e+00 1.057313052379421463e-02
2.020100000000000673e+00 2.025100000000000566e+00 2.030100000000000460e+00 1.081870000698747537e-02
2.030100000000000460e+00 2.035100000000000353e+00 2.040100000000000247e+00 1.024570454640320524e-02
2.040100000000000247e+00 2.045100000000000140e+00 2.050100000000000033e+00 1.050491677849386615e-02
2.050100000000000033e+00 2.055099999999999927e+00 2.060099999999999820e+00 1.046398853134832344e-02
2.060100000000000264e+00 2.065100000000000158e+00 2.070100000000000051e+00 9.331640359117184327e-03
2.070100000000000495e+00 2.075100000000000389e+00 2.080100000000000282e+00 9.877350321653315113e-03
2.080100000000000282e+00 2.085100000000000176e+00 2.090100000000000069e+00 1.010927705569583668e-02
2.090100000000000069e+00 2.095099999999999962e+00 2.100099999999999856e+00 9.877350321599981040e-03
2.100100000000000300e+00 2.105100000000000193e+00 2.110100000000000087e+00 1.021841904824839775e-02
2.110100000000000531e+00 2.115100000000000424e+00 2.120100000000000318e+00 9.890993070644050339e-03
2.120100000000000318e+00 2.125100000000000211e+00 2.130100000000000104e+00 9.590852591287845480e-03
2.130100000000000104e+00 2.135099999999999998e+00 2.140099999999999891e+00 1.019113355012025816e-02
2.140100000000000335e+00 2.145100000000000229e+00 2.150100000000000122e+00 9.113356374092064158e-03
2.150100000000000566e+00 2.155100000000000460e+00 2.160100000000000353e+00 9.618138089375984079e-03
2.160100000000000353e+00 2.165100000000000247e+00 2.170100000000000140e+00 9.277069362914237491e-03
2.170100000000000140e+00 2.175100000000000033e+00 2.180099999999999927e+00 9.481710598815286384e-03
2.180100000000000371e+00 2.185100000000000264e+00 2.190100000000000158e+00 9.263426613750165226e-03
2.190100000000000602e+00 2.195100000000000495e+00 2.200100000000000389e+00 9.031499879774312553e-03
2.200100000000000389e+00 2.205100000000000282e+00 2.210100000000000176e+00 9.577209842230443096e-03
2.210100000000000176e+00 2.215100000000000069e+00 2.220099999999999962e+00 9.045142628805048768e-03
2.220100000000000406e+00 2.225100000000000300e+00 2.230100000000000193e+00 8.976928883451364485e-03
2.230100000000000637e+00 2.235100000000000531e+00 2.240100000000000424e+00 8.049221947227942417e-03
2.240100000000000424e+00 2.245100000000000318e+00 2.250100000000000211e+00 7.912794456493905948e-03
2.250100000000000211e+00 2.255100000000000104e+00 2.260099999999999998e+00 8.103792943457553688e-03
2.260100000000000442e+00 2.265100000000000335e+00 2.270100000000000229e+00 7.735438718760999366e-03
2.270100000000000673e+00 2.275100000000000566e+00 2.280100000000000460e+00 8.472147168114108756e-03
2.280100000000000460e+00 2.285100000000000353e+00 2.290100000000000247e+00 8.567646411582599542e-03
2.290100000000000247e+00 2.295100000000000140e+00 2.300100000000000033e+00 7.571725729978825287e-03
2.300100000000000477e+00 2.305100000000000371e+00 2.310100000000000264e+00 7.448940988475530843e-03
2.310100000000000264e+00 2.315100000000000158e+00 2.320100000000000051e+00 7.953722703732783728e-03
2.320100000000000495e+00 2.325100000000000389e+00 2.330100000000000282e+00 7.830937962136153355e-03
2.330100000000000282e+00 2.335100000000000176e+00 2.340100000000000069e+00 7.953722703826118789e-03
2.340100000000000069e+00 2.345099999999999962e+00 2.350099999999999856e+00 7.421655490254055326e-03
2.350100000000000300e+00 2.355100000000000193e+00 2.360100000000000087e+00 7.107872261813780179e-03
2.360100000000000531e+00 2.365100000000000424e+00 2.370100000000000318e+00 7.517154733722546112e-03
2.370100000000000318e+00 2.375100000000000211e+00 2.380100000000000104e+00 7.094229512836378905e-03
2.380100000000000104e+00 2.385099999999999998e+00 2.390099999999999891e+00 7.080586763658972688e-03
2.390100000000000335e+00 2.395100000000000229e+00 2.400100000000000122e+00 7.148800509052657959e-03
2.400100000000000566e+00 2.405100000000000460e+00 2.410100000000000353e+00 6.794089033360171080e-03
2.410100000000000353e+00 2.415100000000000247e+00 2.420100000000000140e+00 6.180165325563690207e-03
2.420100000000000140e+00 2.425100000000000033e+00 2.430099999999999927e+00 6.616733295533927701e-03
2.430100000000000371e+00 2.435100000000000264e+00 2.440100000000000158e+00 6.493948554043967210e-03
2.440100000000000602e+00 2.445100000000000495e+00 2.450100000000000389e+00 6.889588276801993962e-03
2.450100000000000389e+00 2.455100000000000282e+00 2.460100000000000176e+00 6.152879827408883583e-03
2.460100000000000176e+00 2.465100000000000069e+00 2.470099999999999962e+00 6.111951580236673828e-03
2.470100000000000406e+00 2.475100000000000300e+00 2.480100000000000193e+00 6.453020306791755478e-03
2.480100000000000637e+00 2.485100000000000531e+00 2.490100000000000424e+00 5.948238591494501605e-03
2.490100000000000424e+00 2.495100000000000318e+00 2.500100000000000211e+00 6.057380584007060823e-03
2.500100000000000211e+00 2.505100000000000104e+00 2.510099999999999998e+00 5.511670621484263122e-03
2.510100000000000442e+00 2.515100000000000335e+00 2.520100000000000229e+00 5.757240104584187938e-03
2.520100000000000673e+00 2.525100000000000566e+00 2.530100000000000460e+00 5.416171378055773325e-03
2.530100000000000460e+00 2.535100000000000353e+00 2.540100000000000247e+00 5.880024846140817323e-03
2.540100000000000247e+00 2.545100000000000140e+00 2.550100000000000033e+00 5.116030898646233525e-03
2.550100000000000477e+00 2.555100000000000371e+00 2.560100000000000264e+00 4.952317909890727350e-03
2.560100000000000264e+00 2.565100000000000158e+00 2.570100000000000051e+00 5.347957632635421017e-03
2.570100000000000495e+00 2.575100000000000389e+00 2.580100000000000282e+00 5.648098112124962794e-03
2.580100000000000282e+00 2.585100000000000176e+00 2.590100000000000069e+00 5.293386636472476904e-03
2.590100000000000069e+00 2.595099999999999962e+00 2.600099999999999856e+00 5.143316396761040028e-03
2.600100000000000300e+00 2.605100000000000193e+00 2.610100000000000087e+00 5.116030898632900441e-03
2.610100000000000531e+00 2.615100000000000424e+00 2.620100000000000318e+00 4.911389662691850559e-03
2.620100000000000318e+00 2.625100000000000211e+00 2.630100000000000104e+00 5.020531655177743607e-03
2.630100000000000104e+00 2.635099999999999998e+00 2.640099999999999891e+00 5.047817153305883195e-03
2.640100000000000335e+00 2.645100000000000229e+00 2.650100000000000122e+00 5.129673647716970729e-03
2.650100000000000566e+00 2.655100000000000460e+00 2.660100000000000353e+00 4.925032411789254799e-03
2.660100000000000353e+00 2.665100000000000247e+00 2.670100000000000140e+00 5.020531655097741630e-03
2.670100000000000140e+00 2.675100000000000033e+00 2.680099999999999927e+00 5.129673647796972706e-03
2.680100000000000371e+00 2.685100000000000264e+00 2.690100000000000158e+00 4.952317909864060314e-03
2.690100000000000602e+00 2.695100000000000495e+00 2.700100000000000389e+00 4.570320936110101873e-03
2.700100000000000389e+00 2.705100000000000282e+00 2.710100000000000176e+00 4.979603408018867805e-03
2.710100000000000176e+00 2.715100000000000069e+00 2.720099999999999962e+00 4.092824718914320550e-03
2.720100000000000406e+00 2.725100000000000300e+00 2.730100000000000193e+00 4.474821692588277014e-03
2.730100000000000637e+00 2.735100000000000531e+00 2.740100000000000424e+00 4.774962172144486816e-03
2.740100000000000424e+00 2.745100000000000318e+00 2.750100000000000211e+00 4.788604921068553150e-03
2.750100000000000211e+00 2.755100000000000104e+00 2.760099999999999998e+00 4.734033924865608048e-03
2.760100000000000442e+00 2.765100000000000335e+00 2.770100000000000229e+00 4.502107190836419567e-03
2.770100000000000673e+00 2.775100000000000566e+00 2.780100000000000460e+00 4.311108703912772816e-03
2.780100000000000460e+00 2.785100000000000353e+00 2.790100000000000247e+00 4.311108703912772816e-03
2.790100000000000247e+00 2.795100000000000140e+00 2.800100000000000033e+00 4.420250696385331912e-03
2.800100000000000477e+00 2.805100000000000371e+00 2.810100000000000264e+00 4.474821692708279980e-03
2.810100000000000264e+00 2.815100000000000158e+00 2.820100000000000051e+00 4.079181969843583347e-03
2.820100000000000495e+00 2.825100000000000389e+00 2.830100000000000282e+00 4.433893445496069237e-03
2.830100000000000282e+00 2.835100000000000176e+00 2.840100000000000069e+00 4.065539220772847011e-03
2.840100000000000069e+00 2.845099999999999962e+00 2.850099999999999856e+00 4.447536194593473477e-03
2.850100000000000300e+00 2.855100000000000193e+00 2.860100000000000087e+00 4.515749939760486768e-03
2.860100000000000531e+00 2.865100000000000424e+00 2.870100000000000318e+00 4.297465954882036601e-03
2.870100000000000318e+00 2.875100000000000211e+00 2.880100000000000104e+00 4.106467468025057875e-03
2.880100000000000104e+00 2.885099999999999998e+00 2.890099999999999891e+00 4.038253722631373471e-03
2.890100000000000335e+00 2.895100000000000229e+00 2.900100000000000122e+00 3.915468981074744087e-03
2.900100000000000566e+00 2.905100000000000460e+00 2.910100000000000353e+00 4.311108703872771827e-03
2.910100000000000353e+00 2.915100000000000247e+00 2.920100000000000140e+00 3.697184996142959413e-03
2.920100000000000140e+00 2.925100000000000033e+00 2.930099999999999927e+00 3.915468981048076183e-03
2.930100000000000371e+00 2.935100000000000264e+00 2.940100000000000158e+00 3.588043003617066243e-03
2.940100000000000602e+00 2.945100000000000495e+00 2.950100000000000389e+00 3.574400254532995522e-03
2.950100000000000389e+00 2.955100000000000282e+00 2.960100000000000176e+00 3.588043003550397785e-03
2.960100000000000176e+00 2.965100000000000069e+00 2.970099999999999962e+00 3.915468981114745076e-03
2.970100000000000406e+00 2.975100000000000300e+00 2.980100000000000193e+00 3.246974277008649653e-03
2.980100000000000637e+00 2.985100000000000531e+00 2.990100000000000424e+00 3.765398741323306223e-03
2.990100000000000424e+00 2.995100000000000318e+00 3.000100000000000211e+00 3.874540733889200814e-03
3.000100000000000211e+00 3.005100000000000104e+00 3.010099999999999998e+00 4.010968224596568946e-03
3.010100000000000442e+00 3.015100000000000335e+00 3.020100000000000229e+00 3.669899497934817848e-03
3.020100000000000673e+00 3.025100000000000566e+00 3.030100000000000460e+00 3.533472007294118176e-03
3.030100000000000460e+00 3.035100000000000353e+00 3.040100000000000247e+00 3.683542247045555607e-03
3.040100000000000247e+00 3.045100000000000140e+00 3.050100000000000033e+00 3.287902524207526444e-03
3.050100000000000477e+00 3.055100000000000371e+00 3.060100000000000264e+00 3.397044516706752577e-03
3.060100000000000708e+00 3.065100000000000602e+00 3.070100000000000495e+00 3.219688778853842595e-03
3.070100000000000495e+00 3.075100000000000389e+00 3.080100000000000282e+00 3.124189535465354221e-03
3.080100000000000282e+00 3.085100000000000176e+00 3.090100000000000069e+00 3.328830771339735210e-03
3.090100000000000069e+00 3.095099999999999962e+00 3.100099999999999856e+00 3.451615512923031630e-03
3.100100000000000300e+00 3.105100000000000193e+00 3.110100000000000087e+00 3.233331527951246401e-03
3.110100000000000531e+00 3.115100000000000424e+00 3.120100000000000318e+00 3.028690292036864424e-03
3.120100000000000318e+00 3.125100000000000211e+00 3.130100000000000104e+00 3.219688778827175125e-03
3.130100000000000104e+00 3.135099999999999998e+00 3.140099999999999891e+00 2.851334554183954442e-03
3.140100000000000335e+00 3.145100000000000229e+00 3.150100000000000122e+00 3.096904037310546729e-03
3.150100000000000566e+00 3.155100000000000460e+00 3.160100000000000353e+00 2.810406307025078640e-03
3.160100000000000353e+00 3.165100000000000247e+00 3.170100000000000140e+00 2.728549812653992095e-03
3.170100000000000140e+00 3.175100000000000033e+00 3.180099999999999927e+00 2.619407820034763430e-03
3.180100000000000371e+00 3.185100000000000264e+00 3.190100000000000158e+00 3.001404793815389341e-03
3.190100000000000602e+00 3.195100000000000495e+00 3.200100000000000389e+00 2.578479572942555652e-03
3.200100000000000389e+00 3.205100000000000282e+00 3.210100000000000176e+00 2.387481086032242419e-03
3.210100000000000176e+00 3.215100000000000069e+00 3.220099999999999962e+00 2.687621565401781230e-03
3.220100000000000406e+00 3.225100000000000300e+00 3.230100000000000193e+00 2.974119295767250863e-03
3.230100000000000637e+00 3.235100000000000531e+00 3.240100000000000424e+00 2.182839850064525935e-03
3.240100000000000424e+00 3.245100000000000318e+00 3.250100000000000211e+00 2.387481086045575938e-03
3.250100000000000211e+00 3.255100000000000104e+00 3.260099999999999998e+00 2.442052082261854992e-03
3.260100000000000442e+00 3.265100000000000335e+00 3.270100000000000229e+00 2.278339093506348816e-03
3.270100000000000673e+00 3.275100000000000566e+00 3.280100000000000460e+00 2.264696344475613035e-03
3.280100000000000460e+00 3.285100000000000353e+00 3.290100000000000247e+00 2.087340606716038115e-03
3.290100000000000247e+00 3.295100000000000140e+00 3.300100000000000033e+00 1.718986381926147430e-03
3.300100000000000477e+00 3.305100000000000371e+00 3.310100000000000264e+00 2.360195587930769869e-03
3.310100000000000708e+00 3.315100000000000602e+00 3.320100000000000495e+00 2.346552838846699147e-03
3.320100000000000495e+00 3.325100000000000389e+00 3.330100000000000282e+00 1.964555865012739162e-03
3.330100000000000282e+00 3.335100000000000176e+00 3.340100000000000069e+00 1.800842876283900024e-03
3.340100000000000069e+00 3.345099999999999962e+00 3.350099999999999856e+00 1.882699370721654377e-03
3.350100000000000300e+00 3.355100000000000193e+00 3.360100000000000087e+00 1.869056621624250354e-03
3.360100000000000531e+00 3.365100000000000424e+00 3.370100000000000318e+00 1.568916142254711760e-03
3.370100000000000318e+00 3.375100000000000211e+00 3.380100000000000104e+00 1.609844389413587562e-03
3.380100000000000104e+00 3.385099999999999998e+00 3.390099999999999891e+00 1.718986381966148419e-03
3.390100000000000335e+00 3.395100000000000229e+00 3.400100000000000122e+00 1.759914629125024221e-03
3.400100000000000566e+00 3.405100000000000460e+00 3.410100000000000353e+00 1.527987895015834197e-03
3.410100000000000353e+00 3.415100000000000247e+00 3.420100000000000140e+00 1.759914629151691475e-03
3.420100000000000140e+00 3.425100000000000033e+00 3.430099999999999927e+00 1.186919168500753319e-03
3.430100000000000371e+00 3.435100000000000264e+00 3.440100000000000158e+00 1.473416898772887890e-03
3.440100000000000602e+00 3.445100000000000495e+00 3.450100000000000389e+00 1.309703910084049957e-03
3.450100000000000389e+00 3.455100000000000282e+00 3.460100000000000176e+00 1.323346659101452220e-03
3.460100000000000176e+00 3.465100000000000069e+00 3.470099999999999962e+00 1.200561917531489100e-03
3.470100000000000406e+00 3.475100000000000300e+00 3.480100000000000193e+00 1.214204666628893124e-03
3.480100000000000637e+00 3.485100000000000531e+00 3.490100000000000424e+00 1.200561917531489100e-03
3.490100000000000424e+00 3.495100000000000318e+00 3.500100000000000211e+00 9.413496852941591634e-04
3.500100000000000211e+00 3.505100000000000104e+00 3.510099999999999998e+00 5.729954606242710106e-04
3.510100000000000442e+00 3.515100000000000335e+00 3.520100000000000229e+00 0.000000000000000000e+00
3.520100000000000673e+00 3.525100000000000566e+00 3.530100000000000460e+00 0.000000000000000000e+00
3.530100000000000460e+00 3.535100000000000353e+00 3.540100000000000247e+00 0.000000000000000000e+00
3.540100000000000247e+00 3.545100000000000140e+00 3.550100000000000033e+00 0.000000000000000000e+00
3.550100000000000477e+00 3.555100000000000371e+00 3.560100000000000264e+00 0.000000000000000000e+00
3.560100000000000708e+00 3.565100000000000602e+00 3.570100000000000495e+00 0.000000000000000000e+00
3.570100000000000495e+00 3.575100000000000389e+00 3.580100000000000282e+00 0.000000000000000000e+00
3.580100000000000282e+00 3.585100000000000176e+00 3.590100000000000069e+00 0.000000000000000000e+00
3.590100000000000069e+00 3.595099999999999962e+00 3.600099999999999856e+00 0.000000000000000000e+00
3.600100000000000300e+00 3.605100000000000193e+00 3.610100000000000087e+00 0.000000000000000000e+00
3.610100000000000531e+00 3.615100000000000424e+00 3.620100000000000318e+00 0.000000000000000000e+00
3.620100000000000318e+00 3.625100000000000211e+00 3.630100000000000104e+00 0.000000000000000000e+00
3.630100000000000104e+00 3.635099999999999998e+00 3.640099999999999891e+00 0.000000000000000000e+00
3.640100000000000335e+00 3.645100000000000229e+00 3.650100000000000122e+00 0.000000000000000000e+00
3.650100000000000566e+00 3.655100000000000460e+00 3.660100000000000353e+00 0.000000000000000000e+00
3.660100000000000353e+00 3.665100000000000247e+00 3.670100000000000140e+00 0.000000000000000000e+00
3.670100000000000140e+00 3.675100000000000033e+00 3.680099999999999927e+00 0.000000000000000000e+00
3.680100000000000371e+00 3.685100000000000264e+00 3.690100000000000158e+00 0.000000000000000000e+00
3.690100000000000602e+00 3.695100000000000495e+00 3.700100000000000389e+00 0.000000000000000000e+00
3.700100000000000389e+00 3.705100000000000282e+00 3.710100000000000176e+00 0.000000000000000000e+00
3.710100000000000176e+00 3.715100000000000069e+00 3.720099999999999962e+00 0.000000000000000000e+00
3.720100000000000406e+00 3.725100000000000300e+00 3.730100000000000193e+00 0.000000000000000000e+00
3.730100000000000637e+00 3.735100000000000531e+00 3.740100000000000424e+00 0.000000000000000000e+00
3.740100000000000424e+00 3.745100000000000318e+00 3.750100000000000211e+00 0.000000000000000000e+00
3.750100000000000211e+00 3.755100000000000104e+00 3.760099999999999998e+00 0.000000000000000000e+00
3.760100000000000442e+00 3.765100000000000335e+00 3.770100000000000229e+00 0.000000000000000000e+00
3.770100000000000673e+00 3.775100000000000566e+00 3.780100000000000460e+00 0.000000000000000000e+00
3.780100000000000460e+00 3.785100000000000353e+00 3.790100000000000247e+00 0.000000000000000000e+00
3.790100000000000247e+00 3.795100000000000140e+00 3.800100000000000033e+00 0.000000000000000000e+00
3.800100000000000477e+00 3.805100000000000371e+00 3.810100000000000264e+00 0.000000000000000000e+00
3.810100000000000708e+00 3.815100000000000602e+00 3.820100000000000495e+00 0.000000000000000000e+00
3.820100000000000495e+00 3.825100000000000389e+00 3.830100000000000282e+00 0.000000000000000000e+00
3.830100000000000282e+00 3.835100000000000176e+00 3.840100000000000069e+00 0.000000000000000000e+00
3.840100000000000069e+00 3.845099999999999962e+00 3.850099999999999856e+00 0.000000000000000000e+00
3.850100000000000300e+00 3.855100000000000193e+00 3.860100000000000087e+00 0.000000000000000000e+00
3.860100000000000531e+00 3.865100000000000424e+00 3.870100000000000318e+00 0.000000000000000000e+00
3.870100000000000318e+00 3.875100000000000211e+00 3.880100000000000104e+00 0.000000000000000000e+00
3.880100000000000104e+00 3.885099999999999998e+00 3.890099999999999891e+00 0.000000000000000000e+00
3.890100000000000335e+00 3.895100000000000229e+00 3.900100000000000122e+00 0.000000000000000000e+00
3.900100000000000566e+00 3.905100000000000460e+00 3.910100000000000353e+00 0.000000000000000000e+00
3.910100000000000353e+00 3.915100000000000247e+00 3.920100000000000140e+00 0.000000000000000000e+00
3.920100000000000140e+00 3.925100000000000033e+00 3.930099999999999927e+00 0.000000000000000000e+00
3.930100000000000371e+00 3.935100000000000264e+00 3.940100000000000158e+00 0.000000000000000000e+00
3.940100000000000602e+00 3.945100000000000495e+00 3.950100000000000389e+00 0.000000000000000000e+00
3.950100000000000389e+00 3.955100000000000282e+00 3.960100000000000176e+00 0.000000000000000000e+00
3.960100000000000176e+00 3.965100000000000069e+00 3.970099999999999962e+00 0.000000000000000000e+00
3.970100000000000406e+00 3.975100000000000300e+00 3.980100000000000193e+00 0.000000000000000000e+00
3.980100000000000637e+00 3.985100000000000531e+00 3.990100000000000424e+00 0.000000000000000000e+00
3.990100000000000424e+00 3.995100000000000318e+00 4.000100000000000655e+00 0.000000000000000000e+00
