1.000000000000011297e-04 5.100000000000000366e-03 1.009999999999999960e-02 3.765065617952796304e-03
1.009999999999999960e-02 1.509999999999999884e-02 2.009999999999999981e-02 8.802463755075862900e-03
2.009999999999999981e-02 2.510000000000000078e-02 3.010000000000000175e-02 1.347633831529309809e-02
3.010000000000000869e-02 3.510000000000000620e-02 4.010000000000000370e-02 1.885129405954297926e-02
4.010000000000000370e-02 4.510000000000000120e-02 5.009999999999999870e-02 2.517400770072575344e-02
5.010000000000000564e-02 5.510000000000000314e-02 6.010000000000000064e-02 3.309362848331617174e-02
6.010000000000000758e-02 6.510000000000000508e-02 7.010000000000000953e-02 4.296069699933067337e-02
7.010000000000000953e-02 7.510000000000001397e-02 8.010000000000001841e-02 5.517768578034294713e-02
8.009999999999999065e-02 8.509999999999999509e-02 9.009999999999999953e-02 6.438262206699318924e-02
9.009999999999999953e-02 9.510000000000000397e-02 1.001000000000000084e-01 8.074118302775289135e-02
1.001000000000000084e-01 1.051000000000000129e-01 1.101000000000000173e-01 9.651550966848458646e-02
1.100999999999999895e-01 1.150999999999999940e-01 1.200999999999999984e-01 1.135621688283884601e-01
1.200999999999999845e-01 1.250999999999999890e-01 1.300999999999999934e-01 1.224295475079109491e-01
1.300999999999999934e-01 1.350999999999999979e-01 1.401000000000000023e-01 1.309593685803078777e-01
1.401000000000000023e-01 1.451000000000000068e-01 1.501000000000000112e-01 1.404629135194159217e-01
1.500999999999999834e-01 1.550999999999999879e-01 1.600999999999999923e-01 1.521475999199582707e-01
1.600999999999999923e-01 1.650999999999999968e-01 1.701000000000000012e-01 1.570421852232988247e-01
1.700999999999999734e-01 1.750999999999999779e-01 1.800999999999999823e-01 1.697135784754551235e-01
1.800999999999999823e-01 1.850999999999999868e-01 1.900999999999999912e-01 1.791132595354509860e-01
1.900999999999999912e-01 1.950999999999999956e-01 2.001000000000000001e-01 1.899800178879566537e-01
2.001000000000000001e-01 2.051000000000000045e-01 2.101000000000000090e-01 1.972764553958519240e-01
2.100999999999999812e-01 2.150999999999999857e-01 2.200999999999999901e-01 2.064294597429447431e-01
2.200999999999999901e-01 2.250999999999999945e-01 2.300999999999999990e-01 2.150631446944578640e-01
2.300999999999999712e-01 2.350999999999999757e-01 2.400999999999999801e-01 2.242680809811086473e-01
2.400999999999999801e-01 2.450999999999999845e-01 2.500999999999999890e-01 2.277864698861601089e-01
2.500999999999999890e-01 2.550999999999999934e-01 2.600999999999999979e-01 2.360566312607661477e-01
2.600999999999999979e-01 2.651000000000000023e-01 2.701000000000000068e-01 2.415743998388008296e-01
2.701000000000000068e-01 2.751000000000000112e-01 2.801000000000000156e-01 2.432621878744355981e-01
2.801000000000000156e-01 2.851000000000000201e-01 2.901000000000000245e-01 2.465988149910353922e-01
2.900999999999999690e-01 2.950999999999999734e-01 3.000999999999999779e-01 2.450408568042961865e-01
3.000999999999999779e-01 3.050999999999999823e-01 3.100999999999999868e-01 2.260337669260785165e-01
3.100999999999999868e-01 3.150999999999999912e-01 3.200999999999999956e-01 2.096362570106490020e-01
3.200999999999999956e-01 3.251000000000000001e-01 3.301000000000000045e-01 2.045339439490774791e-01
3.301000000000000045e-01 3.351000000000000090e-01 3.401000000000000134e-01 2.027293090494385053e-01
3.401000000000000134e-01 3.451000000000000179e-01 3.501000000000000223e-01 1.985487879150210355e-01
3.500999999999999668e-01 3.550999999999999712e-01 3.600999999999999757e-01 1.969518807736139743e-01
3.600999999999999757e-01 3.650999999999999801e-01 3.700999999999999845e-01 1.975620810634201585e-01
3.700999999999999845e-01 3.750999999999999890e-01 3.800999999999999934e-01 1.946798584179526281e-01
3.800999999999999934e-01 3.850999999999999979e-01 3.901000000000000023e-01 1.928882065032031523e-01
3.901000000000000023e-01 3.951000000000000068e-01 4.001000000000000112e-01 1.961209697406857688e-01
4.001000000000000112e-01 4.051000000000000156e-01 4.101000000000000201e-01 1.988603795523701256e-01
4.101000000000000201e-01 4.151000000000000245e-01 4.201000000000000290e-01 2.118693304116424925e-01
4.200999999999999734e-01 4.250999999999999779e-01 4.300999999999999823e-01 2.353166011220662879e-01
4.300999999999999823e-01 4.350999999999999868e-01 4.400999999999999912e-01 2.667224415697520001e-01
4.400999999999999912e-01 4.450999999999999956e-01 4.501000000000000001e-01 2.952200934021887435e-01
4.501000000000000001e-01 4.551000000000000045e-01 4.601000000000000090e-01 3.232114088239377292e-01
4.601000000000000090e-01 4.651000000000000134e-01 4.701000000000000179e-01 3.527996313870918610e-01
4.700999999999999623e-01 4.750999999999999668e-01 4.800999999999999712e-01 3.737671519836249234e-01
4.800999999999999712e-01 4.850999999999999757e-01 4.900999999999999801e-01 3.988502787901261337e-01
4.900999999999999801e-01 4.950999999999999845e-01 5.000999999999999890e-01 4.255952276624812569e-01
5.000999999999999890e-01 5.050999999999999934e-01 5.100999999999999979e-01 4.530672236886504889e-01
5.100999999999999979e-01 5.151000000000000023e-01 5.201000000000000068e-01 4.710356747757081242e-01
5.201000000000000068e-01 5.251000000000000112e-01 5.301000000000000156e-01 4.933274598309694836e-01
5.301000000000000156e-01 5.351000000000000201e-01 5.401000000000000245e-01 5.568272389254815824e-01
5.401000000000000245e-01 5.451000000000000290e-01 5.501000000000000334e-01 6.394639377471119657e-01
5.501000000000000334e-01 5.551000000000000378e-01 5.601000000000000423e-01 7.500270370660401253e-01
5.601000000000000423e-01 5.651000000000000467e-01 5.701000000000000512e-01 8.852837736447821682e-01
5.700999999999999401e-01 5.750999999999999446e-01 5.800999999999999490e-01 1.051842486792095244e+00
5.800999999999999490e-01 5.850999999999999535e-01 5.900999999999999579e-01 1.252468552289433878e+00
5.900999999999999579e-01 5.950999999999999623e-01 6.000999999999999668e-01 1.470374970674693360e+00
6.000999999999999668e-01 6.050999999999999712e-01 6.100999999999999757e-01 1.666664719218941215e+00
6.100999999999999757e-01 6.150999999999999801e-01 6.200999999999999845e-01 1.874197732677493011e+00
6.200999999999999845e-01 6.250999999999999890e-01 6.300999999999999934e-01 2.043547787576041941e+00
6.300999999999999934e-01 6.350999999999999979e-01 6.401000000000000023e-01 2.199616248932624529e+00
6.401000000000000023e-01 6.451000000000000068e-01 6.501000000000000112e-01 2.327459701139473314e+00
6.501000000000000112e-01 6.551000000000000156e-01 6.601000000000000201e-01 2.431492359058986530e+00
6.601000000000000201e-01 6.651000000000000245e-01 6.701000000000000290e-01 2.550676160344530707e+00
6.701000000000000290e-01 6.751000000000000334e-01 6.801000000000000378e-01 2.671703545484387821e+00
6.801000000000000378e-01 6.851000000000000423e-01 6.901000000000000467e-01 2.805752864468429308e+00
6.901000000000000467e-01 6.951000000000000512e-01 7.001000000000000556e-01 2.958212056025727676e+00
7.001000000000000556e-01 7.051000000000000600e-01 7.101000000000000645e-01 3.074409770786688423e+00
7.100999999999999535e-01 7.150999999999999579e-01 7.200999999999999623e-01 3.054299127192875662e+00
7.200999999999999623e-01 7.250999999999999668e-01 7.300999999999999712e-01 2.979997504670272690e+00
7.300999999999999712e-01 7.350999999999999757e-01 7.400999999999999801e-01 2.894543498127692072e+00
7.400999999999999801e-01 7.450999999999999845e-01 7.500999999999999890e-01 2.806908350123576756e+00
7.500999999999999890e-01 7.550999999999999934e-01 7.600999999999999979e-01 2.706549876927808018e+00
7.600999999999999979e-01 7.651000000000000023e-01 7.701000000000000068e-01 2.585444593878583941e+00
7.701000000000000068e-01 7.751000000000000112e-01 7.801000000000000156e-01 2.470545177606592535e+00
7.801000000000000156e-01 7.851000000000000201e-01 7.901000000000000245e-01 2.350829073940551517e+00
7.901000000000000245e-01 7.951000000000000290e-01 8.001000000000000334e-01 2.245666896335654972e+00
8.001000000000000334e-01 8.051000000000000378e-01 8.101000000000000423e-01 2.145035780457224206e+00
8.101000000000000423e-01 8.151000000000000467e-01 8.201000000000000512e-01 2.026098655884573052e+00
8.201000000000000512e-01 8.251000000000000556e-01 8.301000000000000600e-01 1.927129362071897445e+00
8.300999999999999490e-01 8.350999999999999535e-01 8.400999999999999579e-01 1.819071978836746428e+00
8.400999999999999579e-01 8.450999999999999623e-01 8.500999999999999668e-01 1.722205928576143963e+00
8.500999999999999668e-01 8.550999999999999712e-01 8.600999999999999757e-01 1.636037857864663714e+00
8.600999999999999757e-01 8.650999999999999801e-01 8.700999999999999845e-01 1.544352018575006591e+00
8.700999999999999845e-01 8.750999999999999890e-01 8.800999999999999934e-01 1.451134187068444215e+00
8.800999999999999934e-01 8.850999999999999979e-01 8.901000000000000023e-01 1.348997044942782164e+00
8.901000000000000023e-01 8.951000000000000068e-01 9.001000000000000112e-01 1.246470413270500455e+00
9.001000000000000112e-01 9.051000000000000156e-01 9.101000000000000201e-01 1.142100197743825651e+00
9.101000000000000201e-01 9.151000000000000245e-01 9.201000000000000290e-01 1.030732153361816339e+00
9.201000000000000290e-01 9.251000000000000334e-01 9.301000000000000378e-01 9.122104843055389711e-01
9.301000000000000378e-01 9.351000000000000423e-01 9.401000000000000467e-01 8.078662347487580719e-01
9.401000000000000467e-01 9.451000000000000512e-01 9.501000000000000556e-01 7.148171820457115411e-01
9.501000000000000556e-01 9.551000000000000600e-01 9.601000000000000645e-01 6.628982254726699663e-01
9.600999999999999535e-01 9.650999999999999579e-01 9.700999999999999623e-01 6.211968780075772800e-01
9.700999999999999623e-01 9.750999999999999668e-01 9.800999999999999712e-01 5.887394157838138353e-01
9.800999999999999712e-01 9.850999999999999757e-01 9.900999999999999801e-01 5.749774518009809210e-01
9.900999999999999801e-01 9.950999999999999845e-01 1.000099999999999989e+00 5.595147167976267655e-01
1.000099999999999989e+00 1.005099999999999882e+00 1.010099999999999776e+00 5.319648228621167707e-01
1.010100000000000220e+00 1.015100000000000113e+00 1.020100000000000007e+00 4.908347267321817586e-01
1.020100000000000007e+00 1.025099999999999900e+00 1.030099999999999794e+00 4.320347881676936952e-01
1.030100000000000238e+00 1.035100000000000131e+00 1.040100000000000025e+00 3.729751899053858066e-01
1.040100000000000025e+00 1.045099999999999918e+00 1.050099999999999811e+00 3.270284063813913566e-01
1.050100000000000255e+00 1.055100000000000149e+00 1.060100000000000042e+00 2.920782110589850156e-01
1.060100000000000042e+00 1.065099999999999936e+00 1.070099999999999829e+00 2.680337230435933527e-01
1.070100000000000273e+00 1.075100000000000167e+00 1.080100000000000060e+00 2.469104066283501486e-01
1.080100000000000060e+00 1.085099999999999953e+00 1.090099999999999847e+00 2.283187722666355779e-01
1.090100000000000291e+00 1.095100000000000184e+00 1.100100000000000078e+00 2.070786089873944413e-01
1.100100000000000078e+00 1.105099999999999971e+00 1.110099999999999865e+00 1.877339615021042518e-01
1.110100000000000309e+00 1.115100000000000202e+00 1.120100000000000096e+00 1.731151205164997431e-01
1.120100000000000096e+00 1.125099999999999989e+00 1.130099999999999882e+00 1.576134365584596353e-01
1.130100000000000326e+00 1.135100000000000220e+00 1.140100000000000113e+00 1.467856271606371443e-01
1.140100000000000113e+00 1.145100000000000007e+00 1.150099999999999900e+00 1.356592091103088482e-01
1.150100000000000122e+00 1.155100000000000016e+00 1.160099999999999909e+00 1.299596787438537238e-01
1.160100000000000131e+00 1.165100000000000025e+00 1.170099999999999918e+00 1.236239821177010367e-01
1.170099999999999918e+00 1.175099999999999811e+00 1.180099999999999705e+00 1.160289359573948575e-01
1.180100000000000149e+00 1.185100000000000042e+00 1.190099999999999936e+00 1.152239908942912089e-01
1.190099999999999936e+00 1.195099999999999829e+00 1.200099999999999723e+00 1.117315679589350880e-01
1.200100000000000167e+00 1.205100000000000060e+00 1.210099999999999953e+00 1.008907755762305930e-01
1.210099999999999953e+00 1.215099999999999847e+00 1.220099999999999740e+00 8.836219515792691215e-02
1.220100000000000184e+00 1.225100000000000078e+00 1.230099999999999971e+00 7.565185295103547813e-02
1.230099999999999971e+00 1.235099999999999865e+00 1.240099999999999758e+00 6.916036050637867916e-02
1.240100000000000202e+00 1.245100000000000096e+00 1.250099999999999989e+00 6.655078054351809547e-02
1.250099999999999989e+00 1.255099999999999882e+00 1.260099999999999776e+00 6.403208147497137237e-02
1.260100000000000220e+00 1.265100000000000113e+00 1.270100000000000007e+00 5.777428275825053500e-02
1.270100000000000007e+00 1.275099999999999900e+00 1.280099999999999794e+00 5.663178008799509694e-02
1.280100000000000238e+00 1.285100000000000131e+00 1.290100000000000025e+00 5.054276017482020600e-02
1.290100000000000025e+00 1.295099999999999918e+00 1.300099999999999811e+00 4.559624293190075311e-02
1.300100000000000255e+00 1.305100000000000149e+00 1.310100000000000042e+00 4.103921523564113549e-02
1.310100000000000042e+00 1.315099999999999936e+00 1.320099999999999829e+00 3.750784334571891088e-02
1.320100000000000273e+00 1.325100000000000167e+00 1.330100000000000060e+00 3.566425949149574365e-02
1.330100000000000060e+00 1.335099999999999953e+00 1.340099999999999847e+00 3.406735235009055590e-02
1.340100000000000291e+00 1.345100000000000184e+00 1.350100000000000078e+00 3.314556042286911225e-02
1.350100000000000078e+00 1.355099999999999971e+00 1.360099999999999865e+00 3.479439950376236185e-02
1.360100000000000309e+00 1.365100000000000202e+00 1.370100000000000096e+00 3.436596100255639302e-02
1.370100000000000096e+00 1.375099999999999989e+00 1.380099999999999882e+00 3.527476994475601396e-02
1.380100000000000326e+00 1.385100000000000220e+00 1.390100000000000113e+00 3.318450937753509439e-02
1.390100000000000113e+00 1.395100000000000007e+00 1.400099999999999900e+00 3.202902372235769818e-02
1.400100000000000122e+00 1.405100000000000016e+00 1.410099999999999909e+00 3.193814282820365419e-02
1.410100000000000131e+00 1.415100000000000025e+00 1.420099999999999918e+00 3.252237714809352864e-02
1.420099999999999918e+00 1.425099999999999811e+00 1.430099999999999705e+00 3.230166640513943560e-02
1.430100000000000149e+00 1.435100000000000042e+00 1.440099999999999936e+00 3.191217685831979761e-02
1.440099999999999936e+00 1.445099999999999829e+00 1.450099999999999723e+00 3.196410879796766219e-02
1.450100000000000167e+00 1.455100000000000060e+00 1.460099999999999953e+00 3.076967418808432969e-02
1.460099999999999953e+00 1.465099999999999847e+00 1.470099999999999740e+00 3.114618074986216095e-02
1.470100000000000184e+00 1.475100000000000078e+00 1.480099999999999971e+00 3.101635090104213482e-02
1.480099999999999971e+00 1.485099999999999865e+00 1.490099999999999758e+00 3.108126582545214789e-02
1.490100000000000202e+00 1.495100000000000096e+00 1.500099999999999989e+00 3.113319776498015695e-02
1.500099999999999989e+00 1.505099999999999882e+00 1.510099999999999776e+00 3.079564015780838701e-02
1.510100000000000220e+00 1.515100000000000113e+00 1.520100000000000007e+00 3.075669120326225345e-02
1.520100000000000007e+00 1.525099999999999900e+00 1.530099999999999794e+00 2.988683121560876954e-02
1.530100000000000238e+00 1.535100000000000131e+00 1.540100000000000025e+00 2.926364794091308730e-02
1.540100000000000025e+00 1.545099999999999918e+00 1.550099999999999811e+00 2.771867273909583290e-02
1.550100000000000255e+00 1.555100000000000149e+00 1.560100000000000042e+00 2.686179573638427728e-02
1.560100000000000042e+00 1.565099999999999936e+00 1.570099999999999829e+00 2.671898290254242150e-02
1.570100000000000273e+00 1.575100000000000167e+00 1.580100000000000060e+00 2.571929306610885868e-02
1.580100000000000060e+00 1.585099999999999953e+00 1.590099999999999847e+00 2.642037425011653159e-02
1.590100000000000291e+00 1.595100000000000184e+00 1.600100000000000078e+00 2.474556919939935318e-02
1.600100000000000078e+00 1.605099999999999971e+00 1.610099999999999865e+00 2.490136501800336091e-02
1.610100000000000309e+00 1.615100000000000202e+00 1.620100000000000096e+00 2.429116472824960696e-02
1.620100000000000096e+00 1.625099999999999989e+00 1.630099999999999882e+00 2.353815160461404654e-02
1.630100000000000326e+00 1.635100000000000220e+00 1.640100000000000113e+00 2.247354684373051997e-02
1.640100000000000113e+00 1.645100000000000007e+00 1.650099999999999900e+00 2.144789103751297901e-02
1.650100000000000344e+00 1.655100000000000238e+00 1.660100000000000131e+00 2.268127460194243813e-02
1.660100000000000131e+00 1.665100000000000025e+00 1.670099999999999918e+00 2.127911223382721734e-02
1.670099999999999918e+00 1.675099999999999811e+00 1.680099999999999705e+00 2.124016327924113309e-02
1.680100000000000149e+00 1.685100000000000042e+00 1.690099999999999936e+00 2.116226536984924106e-02
1.690099999999999936e+00 1.695099999999999829e+00 1.700099999999999723e+00 2.062996298940747777e-02
1.700100000000000167e+00 1.705100000000000060e+00 1.710099999999999953e+00 2.030538836713768544e-02
1.710099999999999953e+00 1.715099999999999847e+00 1.720099999999999740e+00 1.995484777520376007e-02
1.720100000000000184e+00 1.725100000000000078e+00 1.730099999999999971e+00 1.912393674221625831e-02
1.730099999999999971e+00 1.735099999999999865e+00 1.740099999999999758e+00 1.816319586038875333e-02
1.740100000000000202e+00 1.745100000000000096e+00 1.750099999999999989e+00 1.807231496617478506e-02
1.750099999999999989e+00 1.755099999999999882e+00 1.760099999999999776e+00 1.755299557057507509e-02
1.760100000000000220e+00 1.765100000000000113e+00 1.770100000000000007e+00 1.757896154041898099e-02
1.770100000000000007e+00 1.775099999999999900e+00 1.780099999999999794e+00 1.574836067093799211e-02
1.780100000000000238e+00 1.785100000000000131e+00 1.790100000000000025e+00 1.593012245938590574e-02
1.790100000000000025e+00 1.795099999999999918e+00 1.800099999999999811e+00 1.582625858034986122e-02
1.800100000000000255e+00 1.805100000000000149e+00 1.810100000000000042e+00 1.611188424781384576e-02
1.810100000000000042e+00 1.815099999999999936e+00 1.820099999999999829e+00 1.485253471356045261e-02
1.820100000000000273e+00 1.825100000000000167e+00 1.830100000000000060e+00 1.416443651443478197e-02
1.830100000000000060e+00 1.835099999999999953e+00 1.840099999999999847e+00 1.493043262299229533e-02
1.840100000000000291e+00 1.845100000000000184e+00 1.850100000000000078e+00 1.417741949929680889e-02
1.850100000000000078e+00 1.855099999999999971e+00 1.860099999999999865e+00 1.420338546906081342e-02
1.860100000000000309e+00 1.865100000000000202e+00 1.870100000000000096e+00 1.387881084689089606e-02
1.870100000000000096e+00 1.875099999999999989e+00 1.880099999999999882e+00 1.303491682906134271e-02
1.880100000000000326e+00 1.885100000000000220e+00 1.890100000000000113e+00 1.304789981388341895e-02
1.890100000000000113e+00 1.895100000000000007e+00 1.900099999999999900e+00 1.285315504063340442e-02
1.900100000000000344e+00 1.905100000000000238e+00 1.910100000000000131e+00 1.282718907084942281e-02
1.910100000000000131e+00 1.915100000000000025e+00 1.920099999999999918e+00 1.190539714366792637e-02
1.920099999999999918e+00 1.925099999999999811e+00 1.930099999999999705e+00 1.172363535518006379e-02
1.930100000000000149e+00 1.935100000000000042e+00 1.940099999999999936e+00 1.165872043079002433e-02
1.940099999999999936e+00 1.945099999999999829e+00 1.950099999999999723e+00 1.190539714360800035e-02
1.950100000000000167e+00 1.955100000000000060e+00 1.960099999999999953e+00 1.163275446108594582e-02
1.960099999999999953e+00 1.965099999999999847e+00 1.970099999999999740e+00 1.073692850356857895e-02
1.970100000000000184e+00 1.975100000000000078e+00 1.980099999999999971e+00 1.086675835246850644e-02
1.980099999999999971e+00 1.985099999999999865e+00 1.990099999999999758e+00 1.021760910804876861e-02
1.990100000000000202e+00 1.995100000000000096e+00 2.000100000000000211e+00 1.095763924670245006e-02
2.000100000000000211e+00 2.005100000000000104e+00 2.010099999999999998e+00 1.049025179073062759e-02
2.010100000000000442e+00 2.015100000000000335e+00 2.020100000000000229e+00 1.041235388135870917e-02
2.020100000000000673e+00 2.025100000000000566e+00 2.030100000000000460e+00 9.555476878707079569e-03
2.030100000000000460e+00 2.035100000000000353e+00 2.040100000000000247e+00 9.321783150671229118e-03
2.040100000000000247e+00 2.045100000000000140e+00 2.050100000000000033e+00 9.269851211083292297e-03
2.050100000000000033e+00 2.055099999999999927e+00 2.060099999999999820e+00 9.321783150631278436e-03
2.060100000000000264e+00 2.065100000000000158e+00 2.070100000000000051e+00 9.153004347085342413e-03
2.070100000000000495e+00 2.075100000000000389e+00 2.080100000000000282e+00 9.581442848491059441e-03
2.080100000000000282e+00 2.085100000000000176e+00 2.090100000000000069e+00 9.062123452831423454e-03
2.090100000000000069e+00 2.095099999999999962e+00 2.100099999999999856e+00 8.555787042193617117e-03
2.100100000000000300e+00 2.105100000000000193e+00 2.110100000000000087e+00 8.335076299059744273e-03
2.110100000000000531e+00 2.115100000000000424e+00 2.120100000000000318e+00 8.335076299039768932e-03
2.120100000000000318e+00 2.125100000000000211e+00 2.130100000000000104e+00 8.231212419943796654e-03
2.130100000000000104e+00 2.135099999999999998e+00 2.140099999999999891e+00 8.646667936387610054e-03
2.140100000000000335e+00 2.145100000000000229e+00 2.150100000000000122e+00 7.958569737281914747e-03
2.150100000000000566e+00 2.155100000000000460e+00 2.160100000000000353e+00 8.049450631495883024e-03
2.160100000000000353e+00 2.165100000000000247e+00 2.170100000000000140e+00 7.711893024384037371e-03
2.170100000000000140e+00 2.175100000000000033e+00 2.180099999999999927e+00 8.659650921269612320e-03
2.180100000000000371e+00 2.185100000000000264e+00 2.190100000000000158e+00 7.452233326524256365e-03
2.190100000000000602e+00 2.195100000000000495e+00 2.200100000000000389e+00 7.426267356860127671e-03
2.200100000000000389e+00 2.205100000000000282e+00 2.210100000000000176e+00 7.426267356780226307e-03
2.210100000000000176e+00 2.215100000000000069e+00 2.220099999999999962e+00 7.062743779824473024e-03
2.220100000000000406e+00 2.225100000000000300e+00 2.230100000000000193e+00 7.685927054600056631e-03
2.230100000000000637e+00 2.235100000000000531e+00 2.240100000000000424e+00 6.919930946082493949e-03
2.240100000000000424e+00 2.245100000000000318e+00 2.250100000000000211e+00 7.179590643982225635e-03
2.250100000000000211e+00 2.255100000000000104e+00 2.260099999999999998e+00 6.387628565560830168e-03
2.260100000000000442e+00 2.265100000000000335e+00 2.270100000000000229e+00 7.036777810080442966e-03
2.270100000000000673e+00 2.275100000000000566e+00 2.280100000000000460e+00 6.660271248362539462e-03
2.280100000000000460e+00 2.285100000000000353e+00 2.290100000000000247e+00 6.296747671346861024e-03
2.290100000000000247e+00 2.295100000000000140e+00 2.300100000000000033e+00 6.270781701662756988e-03
2.300100000000000477e+00 2.305100000000000371e+00 2.310100000000000264e+00 5.647598426907148722e-03
2.310100000000000264e+00 2.315100000000000158e+00 2.320100000000000051e+00 5.946207079412937392e-03
2.320100000000000495e+00 2.325100000000000389e+00 2.330100000000000282e+00 5.959190064314914999e-03
2.330100000000000282e+00 2.335100000000000176e+00 2.340100000000000069e+00 5.699530366435158653e-03
2.340100000000000069e+00 2.345099999999999962e+00 2.350099999999999856e+00 5.842343200277015300e-03
2.350100000000000300e+00 2.355100000000000193e+00 2.360100000000000087e+00 5.400921714069197369e-03
2.360100000000000531e+00 2.365100000000000424e+00 2.370100000000000318e+00 5.751462306003120133e-03
2.370100000000000318e+00 2.375100000000000211e+00 2.380100000000000104e+00 5.920241109608981311e-03
2.380100000000000104e+00 2.385099999999999998e+00 2.390099999999999891e+00 4.972483212643504999e-03
2.390100000000000335e+00 2.395100000000000229e+00 2.400100000000000122e+00 5.128279031307437889e-03
2.400100000000000566e+00 2.405100000000000460e+00 2.410100000000000353e+00 5.374955744305191969e-03
2.410100000000000353e+00 2.415100000000000247e+00 2.420100000000000140e+00 5.439870668675254352e-03
2.420100000000000140e+00 2.425100000000000033e+00 2.430099999999999927e+00 4.751772469569559044e-03
2.430100000000000371e+00 2.435100000000000264e+00 2.440100000000000158e+00 5.128279031347388571e-03
2.440100000000000602e+00 2.445100000000000495e+00 2.450100000000000389e+00 4.608959635767653079e-03
2.450100000000000389e+00 2.455100000000000282e+00 2.460100000000000176e+00 5.115296046525311460e-03
2.460100000000000176e+00 2.465100000000000069e+00 2.470099999999999962e+00 4.297367998399836617e-03
2.470100000000000406e+00 2.475100000000000300e+00 2.480100000000000193e+00 4.647908590453611426e-03
2.480100000000000637e+00 2.485100000000000531e+00 2.490100000000000424e+00 4.141572179715928385e-03
2.490100000000000424e+00 2.495100000000000318e+00 2.500100000000000211e+00 4.336316953045845149e-03
2.500100000000000211e+00 2.505100000000000104e+00 2.510099999999999998e+00 4.401231877615660072e-03
2.510100000000000442e+00 2.515100000000000335e+00 2.520100000000000229e+00 4.414214862397786501e-03
2.520100000000000673e+00 2.525100000000000566e+00 2.530100000000000460e+00 3.752082633135997523e-03
2.530100000000000460e+00 2.535100000000000353e+00 2.540100000000000247e+00 3.972793376130042547e-03
2.540100000000000247e+00 2.545100000000000140e+00 2.550100000000000033e+00 3.959810391327940778e-03
2.550100000000000477e+00 2.555100000000000371e+00 2.560100000000000264e+00 3.894895466818051443e-03
2.560100000000000264e+00 2.565100000000000158e+00 2.570100000000000051e+00 3.180831297928375396e-03
2.570100000000000495e+00 2.575100000000000389e+00 2.580100000000000282e+00 3.219780252634309083e-03
2.580100000000000282e+00 2.585100000000000176e+00 2.590100000000000069e+00 3.557337859666254241e-03
2.590100000000000069e+00 2.595099999999999962e+00 2.600099999999999856e+00 3.648218753940149408e-03
2.600100000000000300e+00 2.605100000000000193e+00 2.610100000000000087e+00 3.544354874844177564e-03
2.610100000000000531e+00 2.615100000000000424e+00 2.620100000000000318e+00 3.388559056160269332e-03
2.620100000000000318e+00 2.625100000000000211e+00 2.630100000000000104e+00 3.115916373438460969e-03
2.630100000000000104e+00 2.635099999999999998e+00 2.640099999999999891e+00 3.206797267732331043e-03
2.640100000000000335e+00 2.645100000000000229e+00 2.650100000000000122e+00 3.466456965472260437e-03
2.650100000000000566e+00 2.655100000000000460e+00 2.660100000000000353e+00 3.284695177104248170e-03
2.660100000000000353e+00 2.665100000000000247e+00 2.670100000000000140e+00 3.193814282790402755e-03
2.670100000000000140e+00 2.675100000000000033e+00 2.680099999999999927e+00 3.271712192142344107e-03
2.680100000000000371e+00 2.685100000000000264e+00 2.690100000000000158e+00 3.115916373458435876e-03
2.690100000000000602e+00 2.695100000000000495e+00 2.700100000000000389e+00 2.674494887250617944e-03
2.700100000000000389e+00 2.705100000000000282e+00 2.710100000000000176e+00 2.713443841936576291e-03
2.710100000000000176e+00 2.715100000000000069e+00 2.720099999999999962e+00 2.934154585010522679e-03
2.720100000000000406e+00 2.725100000000000300e+00 2.730100000000000193e+00 2.999069509500437106e-03
2.730100000000000637e+00 2.735100000000000531e+00 2.740100000000000424e+00 2.713443841896626043e-03
2.740100000000000424e+00 2.745100000000000318e+00 2.750100000000000211e+00 2.921171600128519980e-03
2.750100000000000211e+00 2.755100000000000104e+00 2.760099999999999998e+00 2.622562947682656898e-03
2.760100000000000442e+00 2.765100000000000335e+00 2.770100000000000229e+00 2.999069509440511084e-03
2.770100000000000673e+00 2.775100000000000566e+00 2.780100000000000460e+00 3.012052494302538443e-03
2.780100000000000460e+00 2.785100000000000353e+00 2.790100000000000247e+00 2.349920265040749464e-03
2.790100000000000247e+00 2.795100000000000140e+00 2.800100000000000033e+00 2.570631008134670759e-03
2.800100000000000477e+00 2.805100000000000371e+00 2.810100000000000264e+00 2.233073401022824239e-03
2.810100000000000264e+00 2.815100000000000158e+00 2.820100000000000051e+00 2.103243552082946066e-03
2.820100000000000495e+00 2.825100000000000389e+00 2.830100000000000282e+00 2.259039370786829638e-03
2.830100000000000282e+00 2.835100000000000176e+00 2.840100000000000069e+00 2.622562947662681557e-03
2.840100000000000069e+00 2.845099999999999962e+00 2.850099999999999856e+00 2.349920265000798782e-03
2.850100000000000300e+00 2.855100000000000193e+00 2.860100000000000087e+00 2.453784144096770627e-03
2.860100000000000531e+00 2.865100000000000424e+00 2.870100000000000318e+00 2.168158476512934904e-03
2.870100000000000318e+00 2.875100000000000211e+00 2.880100000000000104e+00 2.168158476612811175e-03
2.880100000000000104e+00 2.885099999999999998e+00 2.890099999999999891e+00 2.051311612495009679e-03
2.890100000000000335e+00 2.895100000000000229e+00 2.900100000000000122e+00 2.531682053468687753e-03
2.900100000000000566e+00 2.905100000000000460e+00 2.910100000000000353e+00 2.064294597436938401e-03
2.910100000000000353e+00 2.915100000000000247e+00 2.920100000000000140e+00 2.323954295276744065e-03
2.920100000000000140e+00 2.925100000000000033e+00 2.930099999999999927e+00 2.064294597377012378e-03
2.930100000000000371e+00 2.935100000000000264e+00 2.940100000000000158e+00 2.220090416060920609e-03
2.940100000000000602e+00 2.945100000000000495e+00 2.950100000000000389e+00 1.856566839264970053e-03
2.950100000000000389e+00 2.955100000000000282e+00 2.960100000000000176e+00 1.973413703163043233e-03
2.960100000000000176e+00 2.965100000000000069e+00 2.970099999999999962e+00 1.843583854303066207e-03
2.970100000000000406e+00 2.975100000000000300e+00 2.980100000000000193e+00 1.986396688045045933e-03
2.980100000000000637e+00 2.985100000000000531e+00 2.990100000000000424e+00 1.960430718400892579e-03
2.990100000000000424e+00 2.995100000000000318e+00 3.000100000000000211e+00 1.713754005403138716e-03
3.000100000000000211e+00 3.005100000000000104e+00 3.010099999999999998e+00 1.596907141365238366e-03
3.010100000000000442e+00 3.015100000000000335e+00 3.020100000000000229e+00 1.817617884579011489e-03
3.020100000000000673e+00 3.025100000000000566e+00 3.030100000000000460e+00 1.804634899637082984e-03
3.030100000000000460e+00 3.035100000000000353e+00 3.040100000000000247e+00 1.713754005403138716e-03
3.040100000000000247e+00 3.045100000000000140e+00 3.050100000000000033e+00 1.856566839205044247e-03
3.050100000000000477e+00 3.055100000000000371e+00 3.060100000000000264e+00 1.519009232073222386e-03
3.060100000000000708e+00 3.065100000000000602e+00 3.070100000000000495e+00 1.544975201857203126e-03
3.070100000000000495e+00 3.075100000000000389e+00 3.080100000000000282e+00 1.544975201797277103e-03
3.080100000000000282e+00 3.085100000000000176e+00 3.090100000000000069e+00 1.376196398351218000e-03
3.090100000000000069e+00 3.095099999999999962e+00 3.100099999999999856e+00 1.402162368035322253e-03
3.100100000000000300e+00 3.105100000000000193e+00 3.110100000000000087e+00 1.583924156463260326e-03
3.110100000000000531e+00 3.115100000000000424e+00 3.120100000000000318e+00 1.519009232093197726e-03
3.120100000000000318e+00 3.125100000000000211e+00 3.130100000000000104e+00 1.493043262269266522e-03
3.130100000000000104e+00 3.135099999999999998e+00 3.140099999999999891e+00 1.402162368075272718e-03
3.140100000000000335e+00 3.145100000000000229e+00 3.150100000000000122e+00 1.233383564529337128e-03
3.150100000000000566e+00 3.155100000000000460e+00 3.160100000000000353e+00 1.233383564509362004e-03
3.160100000000000353e+00 3.165100000000000247e+00 3.170100000000000140e+00 1.129519685413390160e-03
3.170100000000000140e+00 3.175100000000000033e+00 3.180099999999999927e+00 1.233383564469411322e-03
3.180100000000000371e+00 3.185100000000000264e+00 3.190100000000000158e+00 1.207417594765331946e-03
3.190100000000000602e+00 3.195100000000000495e+00 3.200100000000000389e+00 1.155485655097494195e-03
3.200100000000000389e+00 3.205100000000000282e+00 3.210100000000000176e+00 1.064604760963426414e-03
3.210100000000000176e+00 3.215100000000000069e+00 3.220099999999999962e+00 9.867068516114846279e-04
3.220100000000000406e+00 3.225100000000000300e+00 3.230100000000000193e+00 9.607408818275039964e-04
3.230100000000000637e+00 3.235100000000000531e+00 3.240100000000000424e+00 1.064604760903500391e-03
3.240100000000000424e+00 3.245100000000000318e+00 3.250100000000000211e+00 8.179280480255984647e-04
3.250100000000000211e+00 3.255100000000000104e+00 3.260099999999999998e+00 8.309110329475516291e-04
3.260100000000000442e+00 3.265100000000000335e+00 3.270100000000000229e+00 7.400301386936320195e-04
3.270100000000000673e+00 3.275100000000000566e+00 3.280100000000000460e+00 1.038638791199421015e-03
3.280100000000000460e+00 3.285100000000000353e+00 3.290100000000000247e+00 7.789790933396399013e-04
3.290100000000000247e+00 3.295100000000000140e+00 3.300100000000000033e+00 7.270471538116293200e-04
3.300100000000000477e+00 3.305100000000000371e+00 3.310100000000000264e+00 9.996898365134624515e-04
3.310100000000000708e+00 3.315100000000000602e+00 3.320100000000000495e+00 6.361662595776849428e-04
3.320100000000000495e+00 3.325100000000000389e+00 3.330100000000000282e+00 8.698599875735842785e-04
3.330100000000000282e+00 3.335100000000000176e+00 3.340100000000000069e+00 8.049450632035216793e-04
3.340100000000000069e+00 3.345099999999999962e+00 3.350099999999999856e+00 6.102002897737290790e-04
3.350100000000000300e+00 3.355100000000000193e+00 3.360100000000000087e+00 5.323023804217872929e-04
3.360100000000000531e+00 3.365100000000000424e+00 3.370100000000000318e+00 6.361662596575860893e-04
3.370100000000000318e+00 3.375100000000000211e+00 3.380100000000000104e+00 6.880981991456460974e-04
3.380100000000000104e+00 3.385099999999999998e+00 3.390099999999999891e+00 7.010811840476240293e-04
3.390100000000000335e+00 3.395100000000000229e+00 3.400100000000000122e+00 4.284385013058402162e-04
3.400100000000000566e+00 3.405100000000000460e+00 3.410100000000000353e+00 4.933534257957546435e-04
3.410100000000000353e+00 3.415100000000000247e+00 3.420100000000000140e+00 5.582683503056443033e-04
3.420100000000000140e+00 3.425100000000000033e+00 3.430099999999999927e+00 4.154555164438129117e-04
3.430100000000000371e+00 3.435100000000000264e+00 3.440100000000000158e+00 5.323023804617378662e-04
3.440100000000000602e+00 3.445100000000000495e+00 3.450100000000000389e+00 3.115916373478411217e-04
3.450100000000000389e+00 3.455100000000000282e+00 3.460100000000000176e+00 4.024725316017608396e-04
3.460100000000000176e+00 3.465100000000000069e+00 3.470099999999999962e+00 4.154555164637881983e-04
3.470100000000000406e+00 3.475100000000000300e+00 3.480100000000000193e+00 4.803704409137519982e-04
3.480100000000000637e+00 3.485100000000000531e+00 3.490100000000000424e+00 2.596596977998552537e-04
3.490100000000000424e+00 3.495100000000000318e+00 3.500100000000000211e+00 2.986086524658384763e-04
3.500100000000000211e+00 3.505100000000000104e+00 3.510099999999999998e+00 2.466767129378278950e-04
3.510100000000000442e+00 3.515100000000000335e+00 3.520100000000000229e+00 0.000000000000000000e+00
3.520100000000000673e+00 3.525100000000000566e+00 3.530100000000000460e+00 0.000000000000000000e+00
3.530100000000000460e+00 3.535100000000000353e+00 3.540100000000000247e+00 0.000000000000000000e+00
3.540100000000000247e+00 3.545100000000000140e+00 3.550100000000000033e+00 0.000000000000000000e+00
3.550100000000000477e+00 3.555100000000000371e+00 3.560100000000000264e+00 0.000000000000000000e+00
3.560100000000000708e+00 3.565100000000000602e+00 3.570100000000000495e+00 0.000000000000000000e+00
3.570100000000000495e+00 3.575100000000000389e+00 3.580100000000000282e+00 0.000000000000000000e+00
3.580100000000000282e+00 3.585100000000000176e+00 3.590100000000000069e+00 0.000000000000000000e+00
3.590100000000000069e+00 3.595099999999999962e+00 3.600099999999999856e+00 0.000000000000000000e+00
3.600100000000000300e+00 3.605100000000000193e+00 3.610100000000000087e+00 0.000000000000000000e+00
3.610100000000000531e+00 3.615100000000000424e+00 3.620100000000000318e+00 0.000000000000000000e+00
3.620100000000000318e+00 3.625100000000000211e+00 3.630100000000000104e+00 0.000000000000000000e+00
3.630100000000000104e+00 3.635099999999999998e+00 3.640099999999999891e+00 0.000000000000000000e+00
3.640100000000000335e+00 3.645100000000000229e+00 3.650100000000000122e+00 0.000000000000000000e+00
3.650100000000000566e+00 3.655100000000000460e+00 3.660100000000000353e+00 0.000000000000000000e+00
3.660100000000000353e+00 3.665100000000000247e+00 3.670100000000000140e+00 0.000000000000000000e+00
3.670100000000000140e+00 3.675100000000000033e+00 3.680099999999999927e+00 0.000000000000000000e+00
3.680100000000000371e+00 3.685100000000000264e+00 3.690100000000000158e+00 0.000000000000000000e+00
3.690100000000000602e+00 3.695100000000000495e+00 3.700100000000000389e+00 0.000000000000000000e+00
3.700100000000000389e+00 3.705100000000000282e+00 3.710100000000000176e+00 0.000000000000000000e+00
3.710100000000000176e+00 3.715100000000000069e+00 3.720099999999999962e+00 0.000000000000000000e+00
3.720100000000000406e+00 3.725100000000000300e+00 3.730100000000000193e+00 0.000000000000000000e+00
3.730100000000000637e+00 3.735100000000000531e+00 3.740100000000000424e+00 0.000000000000000000e+00
3.740100000000000424e+00 3.745100000000000318e+00 3.750100000000000211e+00 0.000000000000000000e+00
3.750100000000000211e+00 3.755100000000000104e+00 3.760099999999999998e+00 0.000000000000000000e+00
3.760100000000000442e+00 3.765100000000000335e+00 3.770100000000000229e+00 0.000000000000000000e+00
3.770100000000000673e+00 3.775100000000000566e+00 3.780100000000000460e+00 0.000000000000000000e+00
3.780100000000000460e+00 3.785100000000000353e+00 3.790100000000000247e+00 0.000000000000000000e+00
3.790100000000000247e+00 3.795100000000000140e+00 3.800100000000000033e+00 0.000000000000000000e+00
3.800100000000000477e+00 3.805100000000000371e+00 3.810100000000000264e+00 0.000000000000000000e+00
3.810100000000000708e+00 3.815100000000000602e+00 3.820100000000000495e+00 0.000000000000000000e+00
3.820100000000000495e+00 3.825100000000000389e+00 3.830100000000000282e+00 0.000000000000000000e+00
3.830100000000000282e+00 3.835100000000000176e+00 3.840100000000000069e+00 0.000000000000000000e+00
3.840100000000000069e+00 3.845099999999999962e+00 3.850099999999999856e+00 0.000000000000000000e+00
3.850100000000000300e+00 3.855100000000000193e+00 3.860100000000000087e+00 0.000000000000000000e+00
3.860100000000000531e+00 3.865100000000000424e+00 3.870100000000000318e+00 0.000000000000000000e+00
3.870100000000000318e+00 3.875100000000000211e+00 3.880100000000000104e+00 0.000000000000000000e+00
3.880100000000000104e+00 3.885099999999999998e+00 3.890099999999999891e+00 0.000000000000000000e+00
3.890100000000000335e+00 3.895100000000000229e+00 3.900100000000000122e+00 0.000000000000000000e+00
3.900100000000000566e+00 3.905100000000000460e+00 3.910100000000000353e+00 0.000000000000000000e+00
3.910100000000000353e+00 3.915100000000000247e+00 3.920100000000000140e+00 0.000000000000000000e+00
3.920100000000000140e+00 3.925100000000000033e+00 3.930099999999999927e+00 0.000000000000000000e+00
3.930100000000000371e+00 3.935100000000000264e+00 3.940100000000000158e+00 0.000000000000000000e+00
3.940100000000000602e+00 3.945100000000000495e+00 3.950100000000000389e+00 0.000000000000000000e+00
3.950100000000000389e+00 3.955100000000000282e+00 3.960100000000000176e+00 0.000000000000000000e+00
3.960100000000000176e+00 3.965100000000000069e+00 3.970099999999999962e+00 0.000000000000000000e+00
3.970100000000000406e+00 3.975100000000000300e+00 3.980100000000000193e+00 0.000000000000000000e+00
3.980100000000000637e+00 3.985100000000000531e+00 3.990100000000000424e+00 0.000000000000000000e+00
3.990100000000000424e+00 3.995100000000000318e+00 4.000100000000000655e+00 0.000000000000000000e+00
