0.000000000000000000e+00
3.000000000000000000e+01
6.000000000000000000e+01
9.000000000000000000e+01
1.200000000000000000e+02
1.500000000000000000e+02
1.800000000000000000e+02
2.100000000000000000e+02
2.400000000000000000e+02
2.720000000000000000e+02
3.090000000000000000e+02
3.510000000000000000e+02
3.980000000000000000e+02
4.520000000000000000e+02
5.130000000000000000e+02
5.820000000000000000e+02
6.610000000000000000e+02
7.500000000000000000e+02
8.520000000000000000e+02
9.670000000000000000e+02
1.098000000000000000e+03
1.247000000000000000e+03
1.416000000000000000e+03
1.608000000000000000e+03
1.826000000000000000e+03
2.073000000000000000e+03
2.354000000000000000e+03
2.673000000000000000e+03
3.035000000000000000e+03
3.446000000000000000e+03
3.914000000000000000e+03
4.444000000000000000e+03
5.047000000000000000e+03
5.731000000000000000e+03
6.508000000000000000e+03
7.390000000000000000e+03
8.392000000000000000e+03
9.529000000000000000e+03
1.082100000000000000e+04
1.228800000000000000e+04
