1.500000000000000000e+01
4.500000000000000000e+01
7.500000000000000000e+01
1.050000000000000000e+02
1.350000000000000000e+02
1.650000000000000000e+02
1.950000000000000000e+02
2.250000000000000000e+02
2.560000000000000000e+02
2.905000000000000000e+02
3.300000000000000000e+02
3.745000000000000000e+02
4.250000000000000000e+02
4.825000000000000000e+02
5.475000000000000000e+02
6.215000000000000000e+02
7.055000000000000000e+02
8.010000000000000000e+02
9.095000000000000000e+02
1.032500000000000000e+03
1.172500000000000000e+03
1.331500000000000000e+03
1.512000000000000000e+03
1.717000000000000000e+03
1.949500000000000000e+03
2.213500000000000000e+03
2.513500000000000000e+03
2.854000000000000000e+03
3.240500000000000000e+03
3.680000000000000000e+03
4.179000000000000000e+03
4.745500000000000000e+03
5.389000000000000000e+03
6.119500000000000000e+03
6.949000000000000000e+03
7.891000000000000000e+03
8.960500000000000000e+03
1.017500000000000000e+04
1.155450000000000000e+04
