1.450000000000000533e+01
4.450000000000001421e+01
7.450000000000001421e+01
1.045000000000000284e+02
1.345000000000000284e+02
1.645000000000000853e+02
1.945000000000000568e+02
2.245000000000000568e+02
2.555000000000000000e+02
2.900000000000001705e+02
3.294999999999997726e+02
3.739999999999997726e+02
4.245000000000004547e+02
4.819999999999997726e+02
5.470000000000004547e+02
6.210000000000010232e+02
7.049999999999993179e+02
8.005000000000011369e+02
9.090000000000018190e+02
1.031999999999998636e+03
1.172000000000001592e+03
1.330999999999997726e+03
1.511499999999996135e+03
1.716500000000007731e+03
1.948999999999992042e+03
2.213000000000005457e+03
2.512999999999990905e+03
2.853499999999979082e+03
3.240000000000003638e+03
3.679500000000010004e+03
4.178500000000000000e+03
4.745000000000017280e+03
5.388499999999944521e+03
6.118999999999936335e+03
6.948500000000089130e+03
7.890499999999846295e+03
8.959999999999894499e+03
1.017449999999989996e+04
1.155399999999974534e+04
